-1.923572704367245700e-01
-3.997697199801960366e+00
1.099379638345433108e+01
1.000270828439810078e+00
1.000730221618410631e+00
1.009218085272101974e-03
2.996172929268036356e+00
2.998986581215101310e+00
3.997877596513699228e+00
-1.299573313935435870e+01
-1.995452742654289180e+00
1.013418784898624915e-03
-4.000415635890824717e+00
-3.997108285051541809e+00
2.001099299755040750e+00
-3.411901585542405531e-03
2.001902100128109652e+00
1.998813185669406467e+00
-3.994554493050817445e+00
-9.992977363713260175e+00
-6.996386814890686701e+00
9.987386232510357953e-01
1.399551306936836959e+01
-3.995360210576405002e+00
-1.997367328195177594e+00
2.002011201632298398e+00
-9.992961494403559408e-01
4.000346791091389242e+00
1.006212134631022881e+00
6.991775613561771685e+00
-9.974310388061797816e-01
9.980520422343007736e-01
2.006508867385196293e+00
-2.615635634114862017e-03
7.994445858291031826e+00
6.992276546992234998e+00
3.999208984923105614e+00
4.996805134561827622e+00
6.000271761928615888e+00
4.998112018890079611e+00
-9.966581100748996835e-01
-3.995948308524118087e+00
5.000052275373129795e+00
2.995208401959346123e+00
1.300010035004663322e+01
1.499210618528515937e+01
1.299340081757283372e+01
-1.999857759643201893e+00
-6.998134422621420825e+00
4.273978497785472890e-03
9.938117860196282738e-01
1.003939789505275515e+00
2.004352274871379791e+00
-7.998131738841103733e+00
1.960093120175831951e-03
2.001064293924819992e+00
8.000901516814291625e+00
-7.996184247819807744e+00
-3.999781796991622507e+00
1.995939207008260663e+00
7.997233255865430657e+00
9.993778413794817794e+00
9.989948659282537058e-01
-1.128587966325791643e-03
-4.995558693633758374e+00
-4.998191832182983241e+00
-1.000384597388028318e+00
8.994319603930033935e+00
-3.995483197726581448e+00
-1.997017503265168914e+00
1.099341972072115325e+01
9.997497899941901522e+00
2.997244691103303271e+00
-7.991487865637354915e+00
4.996049942117859466e+00
-7.997686814738994343e+00
-5.000088448064358815e+00
9.000843990566629316e+00
-5.993839090567200323e+00
5.997335239517474825e+00
-1.000227771268638044e+00
1.699032403846860717e+01
-7.005833488234132532e-04
-9.990733956740495136e-01
4.998851808768750793e+00
2.612601795495706619e-03
6.000031621933299419e+00
-2.000994865694881497e+00
-1.799191260304403528e+01
-6.996768261753994800e+00
-2.001079813176217748e+00
-9.999349474988392217e+00
-1.499143430671711741e+01
3.997974212605109212e+00
-8.000174095662298868e+00
-9.997453209165319876e+00
5.998227538129809133e+00
9.971704787432347228e-01
1.000180630083940425e+00
-5.997074912826731108e+00
-1.000172695429090375e+00
9.993129872446923301e+00
4.999351575338206288e+00
-4.001570244857614256e+00
-3.999287631355002315e+00
-1.002511785004459144e+00
2.004689847760811272e+00
-3.003577945906890978e+00
-1.999647607975775010e+00
2.000149358208942907e+00
9.976499419311619654e-01
-1.099274189116197320e+01
1.999748074708509460e+00
2.579929687289418097e-04
6.993861961042944664e+00
6.992014470009980442e+00
6.997159626935865795e+00
6.998420070196024412e+00
1.001140139890298819e+00
2.996923337581874236e+00
-1.998257993202101179e+00
-5.997292765776807144e+00
4.994882497679988376e+00
-7.998417503101808101e+00
-4.000180396711739306e+00
9.969051345501592776e-01
-8.995456943353914880e+00
-1.499335029249121476e+01
3.991879697563629037e+00
2.004047957520658230e+00
8.996643407626207178e+00
9.990345392025041793e-01
-2.998445041021581936e+00
1.996842824172365916e+00
-1.998032555655477660e+00
-3.998075029396146007e+00
4.001558809619742085e+00
9.938582270877214242e-01
-4.998894049137216911e+00
-5.992954609923615727e+00
3.996964994519837333e+00
-8.997018086695671713e+00
6.999202683873665620e+00
3.992612369590155197e+00
4.996003851108068439e+00
9.991728122318772609e-01
3.999623103894620169e+00
-5.996117153311883996e+00
1.299352532164231988e+01
8.998696032824266666e+00
7.998850175163339848e+00
1.802800256382700462e-04
-1.000065810960815593e+00
-2.996889148554358506e+00
4.996150292164493578e+00
2.000174329034500875e+00
1.484013829169914976e-03
4.999585997714586227e+00
-3.847140741290461935e-04
4.380979652161067460e-03
-1.997686231308491100e+00
-8.994437923636182219e+00
-2.999307351306026881e+00
-8.883312849088349306e-04
1.198816207839415604e+01
-8.994609802262566234e+00
-7.998640373554215088e+00
6.998969078299991153e+00
8.995548308570793239e+00
-1.002140489831914838e+00
2.998596032835935343e+00
4.998674212523429361e+00
-3.997169895312731036e+00
-1.997895216114910610e+00
-6.996626371455499260e+00
9.953537928408643376e-01
-1.999996966161380785e+00
1.995677246712106667e+00
-5.995364994706535278e+00
1.001838856261510369e+00
1.998156242922258796e+00
1.000546090951447864e+00
-2.324037068373737813e-03
-7.997094749463856900e+00
-1.898867736421501107e+01
9.977586933770485889e-01
-2.999447491313011582e+00
1.000544107287735462e+00
1.995099300455157376e+00
-7.000058109678167106e+00
-1.199405682683117469e+01
9.989843641791873452e-01
-4.996519837045526380e+00
4.999791598624083733e+00
1.002025904080991348e+00
-1.199588074727179077e+01
8.999084014109216767e+00
2.999856942840496643e+00
-2.004917852401650880e+00
9.994730455690728377e+00
9.971441076844681506e-01
-2.997951692187667216e+00
-1.994286231705223900e+00
2.995319253755046152e+00
3.995812835961162879e+00
-2.001887397679416924e+00
5.999015169309782181e+00
9.994544808104455669e+00
-4.004713301667059078e+00
-1.003812835027673822e+00
-2.000952275268112590e+00
5.999283080597073159e+00
4.995757176691110857e+00
-5.003196148985280090e+00
-3.001351108360430953e+00
-1.997867444822935212e+00
1.996326371490505069e+00
-4.924386823292085762e-03
6.995921003976545371e+00
3.000573162126818794e+00
9.966502921061503040e-01
-6.998642473904029160e+00
-3.001000233255515237e+00
-9.745623133532889523e-04
-4.996987748309480892e+00
3.996954609456871754e+00
-9.986001168494612612e-01
-6.997629405177431927e+00
-4.998172929034663703e+00
-1.997682497353267417e+00
1.599370420143474902e+01
-9.993606185110129658e+00
1.099513990721821344e+01
8.997887748204464131e+00
5.996100933943881550e+00
9.928682622090708731e-01
7.996882264074415048e+00
-3.996809918691958341e+00
-5.996205484690142029e+00
4.995808751947636850e+00
3.996335356320261933e+00
-9.955457414765762625e-01
9.992429405784200025e-01
6.997564877763724489e+00
-4.344923647033413494e-03
6.000584013934187055e+00
-1.994439440555491272e+00
2.001324037185059801e+00
-6.995963944461617068e+00
6.991939557533306981e+00
1.995272462628650878e+00
-3.999854842490683460e+00
8.002896265706386458e+00
7.999242357147916316e+00
1.995802217525995514e+00
-9.989852976679932661e-01
1.001657409374864693e+00
-2.998272695650793906e+00
-6.997918436648957297e+00
-5.998682730608782876e+00
3.994707468528883698e+00
-2.996807584969943594e+00
1.999168028101746986e+00
-4.999934305725285633e+00
1.208868003632671651e-04
-4.997087281553409532e+00
9.991298717468061197e-01
-2.996195683057679915e+00
2.998562077180621177e+00
-1.199474900878074557e+01
3.998040023565924805e+00
2.998414002518785981e+00
-6.998302800664784051e+00
6.994660560716387643e+00
-4.001000116569414899e+00
2.997906884724984344e+00
8.993091366033679535e+00
9.979924156368242816e-01
4.999867327903462666e+00
3.997100583768893323e+00
-3.207117478749419229e-03
4.997116803136895768e+00
1.001982030107114285e+00
-5.992956943645630474e+00
1.399609463289444200e+01
-2.995515869834787459e+00
-5.995819953813307457e+00
2.996294982929406991e+00
3.003103150162993007e+00
-5.000958809689754148e+00
-4.000264644076470866e+00
-9.999567094566266245e-01
-3.752274941391488955e-03
6.998586464575675237e+00
-5.996048425198550191e+00
3.998686931308409243e+00
1.995957059981673387e+00
3.993099650746831930e+00
-3.996551225606624680e+00
-6.094281669278685427e-03
-2.996158110133242847e+00
-9.990181448053506941e+00
5.996774212745132893e+00
-5.997503384188636488e+00
4.997068495091190776e+00
8.990181681425708504e+00
8.996876196397176173e+00
8.994372579419769309e+00
2.994661494205193009e+00
4.992149592514633305e+00
-3.999150291814435043e+00
2.997403267514204384e+00
-3.998875729419401281e+00
-1.299618996543874339e+01
-4.001530454897262779e+00
-9.967931158934520974e-01
8.992696033524383736e+00
-6.996431505667269235e+00
-4.997825671198871333e+00
-1.001508517910324692e+00
-2.997652975769780959e+00
4.995408285249908431e+00
2.003814818691386446e+00
-2.001836172481193277e+00
-1.000354725746239737e+00
2.286464143936506148e-03
-9.994737456856772617e-01
-5.994986931740148073e+00
-3.999770011695447991e+00
2.996941073869186400e+00
-2.995013536171116098e+00
-7.109684117889834192e-04
-4.999539206588190510e+00
5.001955775734448828e+00
7.000095915974805294e+00
1.996996499767036193e+00
5.994257643610543695e+00
5.002761609946136723e+00
-7.998016336287474992e+00
4.998099183418998059e+00
-1.299593512299473552e+01
1.998207118062179877e+00
1.099549626656986412e+01
1.798744375875802248e+01
-3.995641190706979096e+00
4.998681330375574383e+00
-3.001843290333338299e+00
2.999196732882528416e+00
-1.499273057261020092e+01
8.990974330108013390e+00
-1.997906884724984344e+00
-9.994677946945397906e+00
-6.994216803475285182e+00
-1.199474644168653015e+01
3.000245507555950208e+00
-1.995649592106232051e+00
-4.995605368074052421e+00
2.002249591336103585e+00
1.099487888041086592e+01
4.999334772539699934e+00
1.998732205515495242e+00
-3.001069311427151387e+00
-1.998663827460463560e+00
1.997577829920906600e+00
2.000922870370726692e+00
-2.002252158430319895e+00
2.997556476364471756e+00
-1.899512112075599646e+01
5.000184480725264891e+00
-1.199329323298795380e+01
-5.001007351107660703e+00
9.988260211404875744e-01
-9.998372228894721880e-01
-1.997698249976866958e+00
7.996248541861313619e+00
5.995029172108615079e+00
9.994009568960377621e+00
-5.997454959456830714e+00
-9.996738856856609345e+00
1.000112952145513212e+00
-9.995768611928983916e+00
-8.001802683570282682e+00
-4.993802567817669846e+00
-4.001112718656625766e+00
2.992721121036042042e+00
8.996587981728357164e+00
8.996819370266118554e+00
4.000439906599777551e+00
-7.994363244531710322e+00
6.997199650268418836e+00
5.998243874183912361e+00
3.997519603556638934e+00
1.199523395621540800e+01
2.000216686089068219e+00
1.368611275541274739e-03
-3.994228588771459698e+00
9.991815636894324504e-01
3.996823104221341350e+00
1.998881213666136025e+00
1.000421353509760358e+00
-2.995837690100619621e+00
-3.994627421863778061e+00
-3.001277946175268774e+00
-6.994901517514408695e+00
-6.998800933628829490e+00
1.997583197481540562e+00
1.299414340791792277e+01
3.991922054618196825e+00
3.991292649790822544e+00
-9.977028007347956695e-01
-9.983123689250444910e-01
9.936310392495870669e-01
6.001487864470494316e+00
-5.869310867058242240e-04
9.996615052903727872e+00
-3.998773629081256775e+00
-7.994784014610966771e+00
-5.000113068831613994e+00
1.998605134351792989e+00
-3.998782730597114199e+00
-1.399202193792042692e+01
-4.214001842006786548e-03
7.994921704209835944e+00
9.971193702311119678e-01
1.002549124556694871e+00
1.001240723309133829e+00
-9.990573980096385753e+00
-1.199410291784096572e+01
-2.998302567292582488e+00
2.998350058535582452e+00
-5.994155076527995618e+00
5.994197783640865751e+00
-1.998605017665692207e+00
-9.971550761779374161e-01
4.996893465940085655e+00
-7.994522754431416800e+00
5.991877247155513508e+00
-3.997975262780015804e+00
-2.001064760669222675e+00
2.000759976574098431e+00
1.207701142625304243e-04
-1.998229638479622094e+00
8.996313769391624859e+00
8.998564644274837931e+00
-5.998449941837812993e+00
-3.994882380993888038e+00
-7.996710385448030145e+00
8.990352276504985696e+00
4.997747608197478542e+00
2.044340484907761473e-03
-4.002735705631772944e+00
1.000374912441667208e+00
-1.003372228311291803e+00
-1.399398506487922234e+01
1.000848424638456802e+00
-7.992153209783755763e+00
-9.974436409050594365e-01
-1.995719720452774792e+00
4.997479813596287457e+00
5.997136406401819997e+00
-6.995034189610946029e+00
-3.995928821945295084e+00
-1.299081890422183072e+01
-3.004476895626966737e+00
3.001895332334266975e+00
-2.003764060237565925e+00
3.995022054256469612e+00
8.997470712080430033e+00
-1.000235705923488316e+00
-2.000208284689815041e+00
-8.997591132136390613e+00
-3.998802800606441110e+00
1.996551692351027807e+00
-4.998163127402202477e+00
-3.001932555200402142e+00
5.001204550617905475e+00
-1.995431505783954895e+00
-9.997210968820191113e+00
-9.949099189136617616e-01
-4.997296383045929602e+00
4.775145300449789784e-03
4.997839440158758251e+00
6.997105017840721253e+00
5.995722404233092107e+00
-1.639906459754205412e-03
6.998467561439023932e+00
-1.003712251608838812e+00
-9.996104784585206460e+00
5.994965811555914570e+00
4.579929453917216692e-04
1.299123757395127576e+01
-3.996165461357588988e+00
9.988401401586767259e-01
-1.995727888479826406e+00
7.491247667298988830e-05
-4.994586348356318872e+00
7.996769545301103399e+00
4.999708751492560665e+00
1.299133465678708710e+01
-2.996105017957407579e+00
3.995496383255964457e+00
-4.996193232649564386e+00
1.000605600862823685e+00
-9.997832438992714899e+00
-2.997802917409227774e+00
7.993898133734173683e+00
6.999237806389987604e+00
4.998761610412881140e+00
2.000535355830180162e+00
-2.998932672236561015e+00
5.996553676014740653e+00
3.003106534059914345e+00
8.994924154617951473e+00
5.001030104897304263e+00
2.003374445347205768e+00
3.017152506749999109e-03
-3.996332555853844060e+00
3.998083780853701086e+00
2.998394049195560296e+00
1.099564375780119541e+01
-1.998895916114828974e+00
-1.999479113246311224e+00
-4.995112252612338821e+00
-1.992614703312169944e+00
-2.996466978241892676e+00
-3.999477129582598600e+00
-1.999522753847986722e+00
-1.001111901853920516e+00
1.997231505573920041e+00
-6.998532088852731370e+00
1.995136990065695448e+00
-9.000132905468738898e+00
-5.996181564039490652e+00
-6.998565111019240170e+00
-3.996829755329083245e+00
-4.999240373484203914e+00
1.000715752541919246e+00
9.928302225402307890e-01
-5.996653559316970750e+00
-6.994107585284996098e+00
-6.000286114319006714e+00
-6.998976312838236957e+00
3.998050525314991166e+00
1.996307118283883408e+00
-2.998919836765479907e+00
7.211201025530802661e-05
6.989644341931815497e+00
1.790898274107552597e-03
4.999116569531322440e+00
9.999924154034520729e-01
9.998550758628849122e-01
-1.199356942898839762e+01
-1.991382148030087729e+00
-6.993819487302276983e+00
4.997967094752964634e+00
-1.999606184410013476e+00
-3.742940053332549036e-03
-9.996757293260526422e-01
-2.994018437104033037e+00
3.999349825046695006e+00
-3.998137223087838699e+00
1.464293878145405108e-03
7.997874095930677107e+00
9.993793466301812423e-01
-2.000674328976157490e+00
6.996274446175677397e+00
8.992169662523959772e+00
4.993790549149293767e+00
4.996709218587022328e+00
6.001709451375793591e+00
-1.996870712150442095e+00
2.995639440415467813e+00
1.499403057245850945e+01
2.625437266576748384e-05
-9.987078181204412930e-01
-8.998505717793964465e+00
1.622520230744430416e-03
-1.999217152950157228e+00
1.099354935897907204e+01
9.973877482628065172e-01
-5.998919370021076780e+00
2.998414819321491454e+00
-1.997897433150824575e+00
-4.996338856903284054e+00
