-4.498781272020855315e-01
-4.998212835681115962e+00
1.299151785396524517e+01
9.986980164879794009e-01
1.998812368866701439e+00
9.984548426540440502e-01
4.001742940286704631e+00
2.001031271758311192e+00
3.999100700221621896e+00
-1.099525869366876307e+01
-2.997363127495551005e+00
-9.961333726798865529e-01
-5.996056593225601361e+00
-3.589031086460783317e-03
-9.981766629898876086e-01
4.993721354291556835e+00
1.001746790928029096e+00
5.001148191231249207e+00
-7.995489498776021442e+00
-1.399121867080295623e+01
-7.993283781413794031e+00
4.388330876507482228e-03
1.499278669862465563e+01
-9.977135358560634826e-01
-2.997288331704978770e+00
3.000278179664156220e+00
-2.998416919671304637e+00
3.999464760855920620e+00
-9.948217042215047323e-01
8.996164877927085968e+00
1.079113059613411897e-03
1.993338157136737898e+00
4.995186231600206028e+00
9.969578766676923109e-01
6.993650059084006720e+00
6.995980163829619514e+00
4.996623921047383732e+00
7.088563933656483705e-03
7.997425787931646823e+00
9.994688332008362153e+00
1.003410034607930656e+00
-3.997561960611206278e+00
4.994997550175314771e+00
9.973724623836099923e-01
1.199883605614515147e+01
1.499602123733707870e+01
1.299362917227197478e+01
-4.994194049685641623e+00
-5.997400583733887736e+00
2.999444574160492927e+00
-3.232321676508556011e-03
4.997780513677886560e+00
3.994881914249484911e+00
-6.996768611812297145e+00
-3.161493213361352052e-03
2.001218903008295857e+00
5.995580630620696461e+00
-6.994909102110956844e+00
-3.998683314039286785e+00
-1.000321236835328254e+00
1.098994784247983247e+01
1.099577958042245207e+01
-3.091831611221515421e-03
-1.001244690636558854e+00
-4.994701284165544486e+00
-5.005329287592848786e+00
-3.995959977134191821e+00
7.993471646035980704e+00
1.367561100634644058e-03
-9.998501750466539661e-01
1.099529229926577578e+01
6.998351808827093734e+00
3.999294632521046555e+00
-4.000400350011627637e+00
1.002299182928916732e+00
-9.990010969660330531e+00
-6.997296032987627257e+00
5.998300000198366178e+00
-6.994091132544792089e+00
5.996013302682228208e+00
1.999136522854548126e+00
1.398996651225595045e+01
9.990456243820741156e-01
-9.982948660099340010e-01
6.996630805527327190e+00
6.036171991111786289e-03
4.000830104920641617e+00
-9.996816803171901800e-01
-1.699223594022917894e+01
-6.992166395313139660e+00
1.996527421642074529e+00
-1.299005426020370280e+01
-1.499124329157021052e+01
5.994116453428651958e+00
-8.000975145743856487e+00
-6.999425320953871932e+00
4.998363360751066686e+00
2.000102217024245288e+00
2.993995216569986351e+00
-7.997681330492260265e+00
-5.995335123064746696e+00
6.994146791814843667e+00
4.996708518470417637e+00
-1.998508985004785909e+00
-3.001164760657553998e+00
-2.000622170289128476e+00
-9.961854146808151178e-01
-1.999536289435672076e+00
-9.990235707090349138e-01
3.996204551201335775e+00
-1.001242240228443325e+00
-1.199394445811616627e+01
3.998629521746846827e+00
9.980061845967111989e-01
5.998403034025316494e+00
4.997313885961039759e+00
8.996170828918222284e+00
7.995853326038118603e+00
2.995282030888911429e+00
3.997950875384962188e+00
-2.994616570056409355e+00
-6.991890432684897405e+00
3.996055426364594432e+00
-9.002341890041787309e+00
-2.002519136228805507e+00
9.978184366606258626e-01
-9.992681564447892129e+00
-1.299394854212969186e+01
1.998811785436197752e+00
2.994734072959851279e+00
6.995465344753168502e+00
1.000198132999051026e+00
-2.000177946303623333e+00
-1.604200512928761601e-03
-1.000168844787766131e+00
-5.997517153148523406e+00
2.000478763071322774e+00
9.938296389930409980e-01
-3.995779697108553297e+00
-6.993024971642360477e+00
2.997898600011831949e+00
-9.993070945966049834e+00
7.991980280982464713e+00
-2.727304232519926330e-03
4.998543990835006667e+00
9.985249710005867918e-01
5.992829405737525761e+00
-5.996244457847788034e+00
1.099490746850554679e+01
8.997691015438620710e+00
8.998727538071465304e+00
-1.004073045032316758e+00
-4.998947724743556087e+00
-4.995655426411269140e+00
7.994056593458974014e+00
-2.001103383768566779e+00
1.715985797434562777e-03
5.998982497201575725e+00
2.999712368761684012e+00
1.002150991580981199e+00
-5.993217503708575755e+00
-5.995377480119313596e+00
-4.998791015310266594e+00
1.000590548355828613e+00
1.099151482012662484e+01
-5.999449474976723984e+00
-9.997150292047807696e+00
8.995206768353936511e+00
6.997731388829476096e+00
9.967605604713465350e-01
2.994326021665575155e+00
6.996273746059072707e+00
-4.993140140823787654e+00
-1.997378180002546078e+00
-1.001089614808679640e+00
2.994408051994393194e+00
-1.001436522586170108e+00
1.996554142759143113e+00
-4.995497783489173393e+00
2.002586464108930819e+00
1.999505250932876121e+00
-1.995440607299812541e+00
-4.315868807949964359e-03
-8.991189265905569883e+00
-1.599233909074222915e+01
2.999020070126012794e+00
-5.996366044764755543e+00
-2.807584269826806419e-03
-9.971950995104901239e-01
-4.003581446489913098e+00
-8.993107001971178960e+00
-9.985162195430316023e-01
-5.997364177670458041e+00
7.997851808885436675e+00
1.998711785447866429e+00
-1.299366126094967733e+01
6.996706184748402890e+00
3.998182847353226599e+00
-3.996617736684044520e+00
8.995101284118870666e+00
1.991733723251607469e+00
-1.997248658430728296e+00
-1.998083197423197399e+00
2.997493582556174818e+00
3.000948424626788125e+00
-2.000504200641283425e+00
7.000303383861915307e+00
9.995552392584318824e+00
-6.999170711882063856e+00
-1.002101983418671738e+00
-2.994490665753714698e+00
3.996425671362231924e+00
3.997931855550541869e+00
-5.995125438141722718e+00
-2.002711551608920448e+00
-2.001522870300715073e+00
2.993846441791546908e+00
-5.997828004920886080e+00
7.001954492187340229e+00
9.981884482860620134e-01
-2.001722403532975036e+00
-7.993935356600308850e+00
-5.996657409958295659e+00
1.269078031612831800e-03
-3.998293465776725064e+00
9.991354726796414232e-01
2.001074795673886353e+00
-5.994358927145983174e+00
-6.993325905096160255e+00
-1.997967328125165976e+00
1.399537736343321370e+01
-8.996523454314649726e+00
1.199208448167042285e+01
5.997631505527245999e+00
4.998115636159202069e+00
2.992708402251061717e+00
6.996198016779694662e+00
-4.001297782812393677e+00
-5.995117853545174569e+00
6.995857643423845751e+00
2.000005367560633740e+00
3.992654609958621759e+00
3.996014586229336363e+00
5.997695916254852655e+00
-1.003021586578578095e+00
3.998308518283720137e+00
-1.001591131669646195e+00
-9.958946329177791323e-01
-3.995776546583833522e+00
7.991862544706821225e+00
2.000750641686039444e+00
-5.991922287990398388e+00
8.002798249381767093e+00
7.999437689680549468e+00
2.996420653859900529e+00
-2.999050641884406065e+00
1.995935706425238543e+00
9.962054846901418070e-01
-6.000587747889411183e+00
-8.993026721933871315e+00
9.986799301423652242e-01
-4.995125904886125845e+00
2.997310968808521547e+00
-5.997864877728718902e+00
-2.995281097400105175e+00
-5.001696382532510476e+00
-2.982263362629712471e-03
-2.998624154186213087e+00
2.999147958092420296e+00
-9.995462777658952191e+00
7.995600467257821364e+00
1.997901050419947477e+00
-4.999458109748178281e+00
6.997410735424651307e+00
-2.999080863584496548e+00
2.999978529757464596e+00
7.992549009037455576e+00
-2.526370767051252381e-03
6.002431388281051383e+00
5.998229521793521535e+00
9.943774802359999221e-01
2.000206301026102640e+00
4.002571761660237648e+00
-4.991407935658350503e+00
1.599160291813268131e+01
-2.006264059945850775e+00
-7.992832906320547437e+00
2.996678063398125591e+00
2.001309568108568637e+00
-4.996579113584701304e+00
-1.997583547539842685e+00
-1.000313418866578985e+00
-2.002175495662136040e+00
7.995299417117920804e+00
-6.996000467211147544e+00
6.999096499521995085e+00
1.996534072749816424e+00
3.991772813095354255e+00
-6.996248541861313619e+00
1.994247258547577673e+00
-4.040022865808300806e-03
-8.994669078801740270e+00
8.995868495231214013e+00
-5.997658343330415143e+00
5.996290898915881407e+00
5.999162310482811122e+00
9.999894282392732592e+00
1.199069463352454612e+01
-3.392064948417158800e-04
4.997093232544546737e+00
-4.000980980048893798e+00
2.997132672446595869e+00
-2.999547841359645250e+00
-1.099804340746284659e+01
-5.000827187768122961e+00
-1.000037339552235727e+00
5.996664761182641357e+00
-5.996270128789950249e+00
-4.000225204174421734e+00
1.994840023939320472e+00
-1.997715169461473872e+00
5.999280163444555392e+00
-1.996218436847323696e+00
-6.994909802227560647e+00
-1.999684247411406268e+00
-9.928696624422798100e-01
-1.000718319636135334e+00
-8.991746558722688576e+00
-5.002667094204539922e+00
1.995687281716769901e+00
-9.963627775539349862e-01
-2.861609934467919045e-03
-3.001790898274107722e+00
6.998403734141921184e+00
4.000663243796587665e+00
3.002910968155079630e+00
7.999650875186596011e+00
7.998080046898477846e+00
-5.997721353824812418e+00
3.998257176399396151e+00
-9.995065111427640758e+00
3.997746791394773513e+00
1.199363664018242304e+01
1.799452007065109882e+01
-4.995414586299347981e+00
4.000004550757928712e+00
-4.998989615053720748e+00
1.001234538945794839e+00
-1.399059731731653322e+01
7.998428121536975688e+00
-2.997796966418090125e+00
-6.997932205608844214e+00
-7.000791015076894830e+00
-8.994744341336716076e+00
2.997450875443305129e+00
-1.003022753439585468e+00
-3.000219136497183747e+00
1.000161610249520328e+00
9.996723104233009138e+00
2.997884130935340785e+00
3.996980630457335870e+00
-5.998312368925044602e+00
-2.997174329384558966e+00
1.000183663922559640e+00
1.001714468878124986e+00
-9.977257878966409033e-01
3.999946907824164732e+00
-1.799419953393237748e+01
3.002744807147630368e+00
-7.997205367887355365e+00
-6.994601517549414282e+00
2.992076080271169225e+00
-3.002702450093063025e+00
-6.993581914401176824e+00
8.997430222003474753e+00
4.997627888258122653e+00
8.996137223321211351e+00
-6.000482380340446120e+00
-8.001960443178477433e+00
2.993184831600369744e+00
-5.997007584946605796e+00
-8.996673512640196435e+00
9.977768964087635473e-01
-4.001074795673885909e+00
2.998895916114828974e+00
9.991852743074359111e+00
9.993754143085864072e+00
4.998333839167580450e+00
-7.993859393948729242e+00
7.994866861742489839e+00
5.997804084270235592e+00
5.997856826387768514e+00
1.199361937063951267e+01
3.995787865135604910e+00
3.998892065473504509e+00
-9.993485414995867400e-01
-1.998506767968871944e+00
-1.004558225839180086e+00
4.993287632055118941e+00
1.999130221805108354e+00
-1.998614935984254881e+00
-2.999387864715535201e+00
-1.007451224334746209e+00
-7.998305601131201925e+00
-2.999091365333562909e+00
1.998570011835471227e+00
1.399050840250777128e+01
3.999488331448269207e+00
4.993566861894182196e+00
-1.999562543808337978e+00
-1.996791482288041708e+00
1.993184131483765276e+00
5.999346791208076013e+00
9.959925325562972720e-01
8.997441190496944685e+00
-6.995268611987326857e+00
-9.987886699196417695e+00
-7.994274913153452289e+00
1.998199300093430608e+00
-4.000788681354880083e+00
-1.299394865881579264e+01
-9.988775963970132343e-01
6.994481097493454591e+00
1.998944924277138435e+00
1.768144484463887549e-03
2.000333955620308579e+00
-5.997833955912024173e+00
-7.994786931763485427e+00
-2.999281913736066230e+00
4.000502100291470242e+00
-6.992669312407314486e+00
7.989587049056353862e+00
-3.999162193796710341e+00
9.992091016092063960e-01
4.995820537243811366e+00
-7.985621471922815573e+00
3.996367795056266825e+00
-2.998880163491229656e+00
-9.996329055270821717e-01
5.055191942217976062e-03
-1.000239206506510437e+00
-3.005774911811562422e+00
7.995975963129992259e+00
1.099529848362911544e+01
-5.995697783465836039e+00
-4.994699183815731303e+00
-6.994223221210826402e+00
8.990449826085201934e+00
5.998182380608823472e+00
9.984026839670147035e-01
-5.998430688631191110e+00
5.997795916243183534e+00
-2.996802917525914101e+00
-1.499325706029672567e+01
-2.000572578696315329e+00
-9.994541774265837120e+00
9.979170364157483597e-01
-2.993932906192192878e+00
4.998907468038801483e+00
5.994784247983168335e+00
-6.996965694636442024e+00
-4.995207118412237968e+00
-1.699024305831469661e+01
-3.001830104803955290e+00
1.002230104757280582e+00
-1.998625437733321242e+00
3.991924855084614254e+00
9.993237690404003004e+00
-1.960559864578778969e-03
-9.988789966302220602e-01
-6.997395799603757460e+00
-1.000034889144120198e+00
1.001426487581506652e+00
-5.998508751632584790e+00
9.971143527287803510e-01
7.996993349242316640e+00
-9.981925322995878203e-01
-1.099542018723218284e+01
7.319719099215974767e-04
-5.992504901691376951e+00
1.999211318645120361e+00
5.997379813607956578e+00
3.999159276644191685e+00
6.998273512453499379e+00
1.994838507020010754e+00
4.000773395475683003e+00
-3.001522753614614736e+00
-1.199385530993520277e+01
5.999984830806904590e+00
-2.998822170499163331e+00
1.499232228794372368e+01
-2.997291948974101672e+00
2.996530805538995867e+00
-1.999818086368951420e+00
1.997296616418131165e+00
-9.992518087220759737e-01
7.992765695126522907e+00
3.001748891277842279e+00
1.098965414356427672e+01
-6.993942357766353091e+00
3.999016102798587990e+00
-6.997517503206825751e+00
1.004169194379323837e+00
-7.998281913852752112e+00
-1.993810619158620900e+00
7.001628587907982926e+00
5.996842357427962789e+00
6.000089381553164181e+00
2.997688681716606407e+00
-2.996228121793684807e+00
5.993390782568170039e+00
3.000242473717330771e+00
8.996401167281076638e+00
7.997556593050572538e+00
2.003771061403610165e+00
1.001566860960692917e+00
-2.998125437791664183e+00
5.995284714669228521e+00
4.994139323904396299e+00
9.996416803218576064e+00
1.001595332369272784e+00
-3.998237223076170022e+00
-4.995276429956075681e+00
-1.994449242187953164e+00
-2.007022052856236360e+00
-7.998456826317756452e+00
-1.001847607719065669e+00
-9.989607935868385358e-01
1.001552858628604659e+00
-5.997449358523995855e+00
-4.300232870451239919e-03
-7.996551225606625124e+00
-9.962513423277313818e-01
-1.099124539192002459e+01
-2.999593465625033151e+00
-6.998636989657294194e+00
1.999750758488826330e+00
9.960199537899704358e-01
-4.993651225945014538e+00
-5.996157643388840164e+00
-5.996114236159365340e+00
-4.000430221653416218e+00
9.989998834305853226e-01
9.966227541863763584e-01
-9.994499417211269998e-01
-2.242356797858016670e-03
5.992842707953009551e+00
2.000677246128676146e+00
2.999486347784556806e+00
-3.001352275221438326e+00
-3.001216452600180773e+00
-9.996893699312286330e+00
1.348307894013081208e-03
-6.993510619193626709e+00
5.997836756378441159e+00
-3.996201167304414437e+00
-2.994715403183733748e+00
-2.997774212628446566e+00
-1.998711902133966989e+00
1.004810267816771630e+00
-3.995620653953249057e+00
-3.672111590185345512e-04
7.995066044916447900e+00
1.999497899708529758e+00
-2.997077246548745855e+00
6.996485064587506741e+00
7.995016920068037436e+00
3.993107235343379635e+00
2.998857759759887998e+00
9.993776080072802159e+00
-3.998242123892401079e+00
1.996707118237209144e+00
1.599325087593338601e+01
-2.000075495907176482e+00
-7.733954756831417114e-04
-1.099546581149757074e+01
1.002058576189197581e+00
4.354725279495299671e-04
1.199470758521498404e+01
1.999060093458565612e+00
-5.996010735588011897e+00
2.994060560786398817e+00
-2.997257409888283597e+00
3.799299439988396967e-04
