3032    525000
2078    230000
2400    87000
2128    180000
1404    183000
1299    135000
1672    117300
2468    233000
1191    165000
1840    199000
3360    310700
1968    152000
1450    136000
2893    360000
1319    134500
1588    144400
2600    410000
2700    169900
3266    379000
1569    149000
3754    550000
1422    147000
1280    154000
2905    223500
1404    141500
1569    140000
1624    167000
2488    279000
1690    215000
2482    271000
2998    329000
3870    375000
2268    242500
3805    475000
2422    384000
1348    175000
3991    375000
1752    168500
3352    439000
1747    265000
1960    250000
3220    300000
3600    399000
1498    145000
3372    385000
2504    210200
2068    195500
2285    320000
2920    312000
3200    290000
