-1.000000000000000000e+00
4.264380214857590445e-01
7.343035408762712102e+00
1.063490862049976560e+00
-2.589319172788598689e+00
2.853221924978792234e+00
2.557420624876400872e+00
-6.479275487175003567e-01
3.746833170290646553e+00
-5.486363461241558603e+00
1.181918320251377219e+00
-2.496042060697197251e-01
-3.299304974960226566e-05
-2.217096531283954342e+00
4.023000407008194279e-01
2.888601042329698387e+00
3.217517283730792599e+00
3.399728775489828880e+00
-5.430805247270415137e+00
-5.405261048105642452e+00
-6.433473140935467072e+00
3.980221236212527769e-01
3.352062052107297241e+00
-7.461236533757822365e-01
6.135631005721328135e-01
-7.199190147251997018e-01
3.193852398480001020e-01
-2.242114981635191739e+00
-1.396745517924992963e-01
4.340475909255031572e-01
-1.151942693593860811e+00
2.905515994874507513e+00
4.465162536127872173e+00
2.237917368514490857e+00
4.492557322605355452e+00
3.554620100649401593e+00
-1.152133096013197910e+00
1.104393357853200142e+00
2.139858225822907301e+00
4.094891591003795739e+00
2.496316441316421386e+00
-6.127664097514817776e-01
2.032614508646388263e+00
-8.948379405730709779e-01
3.448380458620794897e+00
8.410989427930575246e+00
5.212905112673097641e+00
5.268040243499836350e-01
-2.600206663372289562e+00
1.754562413326000270e+00
2.703747000548540225e+00
2.060211952549472869e+00
2.549911736053622313e+00
1.131153747417100064e+00
1.189537832523997585e+00
4.247325791050798216e+00
8.263839739829956343e+00
-4.870740878395459106e+00
-5.749730269425680440e+00
-1.099655568141346684e+00
5.312327367247256404e+00
6.878685194994945462e+00
4.423915259500521557e+00
-1.526185015679105472e+00
6.909105442643007633e-01
-3.986942155287107603e+00
8.530261228013963359e-01
2.216919884084994408e+00
-4.033932996896216316e+00
-2.650555746625999021e+00
8.822472512726397653e+00
6.487188280585911571e+00
5.572948604904006675e-01
-3.549232152283101183e+00
2.091310281292694029e+00
-1.323099164299722741e+00
-3.657301550701415938e+00
5.502755950421957643e+00
-3.591127279664509508e+00
2.123062259054232737e+00
1.524153868663699063e+00
7.808849414800035582e+00
5.537955439524500090e-01
-9.751689266405989542e-01
4.999847422353797199e+00
1.184193487250279508e+00
2.259909307584800242e+00
-8.147100061373995228e-01
-6.930383272478816359e+00
-1.475999750197003024e+00
-4.604044342498088693e-01
-4.909787816947379646e+00
-7.927874859444991706e+00
1.260670389951401793e+00
-6.482911553220702672e+00
-2.975102842799100422e+00
5.491878662247441589e+00
3.132015891382395445e+00
-2.731743409301390368e+00
-4.505060528411005016e+00
5.981222502932995733e-01
4.795239354480938410e+00
-4.339543571742605632e-01
1.914315112009931652e-02
3.104410134208391292e-01
2.381194922599402464e+00
-1.315942536949907538e-01
-3.472360480098545032e+00
-2.702769301893801490e-01
1.882490174375718972e+00
9.022041983008592947e-01
-5.773129872966701548e+00
2.273146003494699752e+00
2.939432926470083363e+00
7.523793793287903320e+00
5.244457855364999865e+00
7.564962357264990445e-01
-6.629583239557490515e-01
1.187369562688003866e+00
-6.364324428150212043e-01
9.887429922891113332e-01
-4.599243767571939756e+00
3.958956725899498430e+00
4.707683604193013682e-01
-3.528575619674830133e+00
-2.010050872352992790e-01
-8.538609385963601639e+00
-3.809685932473143133e+00
3.943949334309318822e+00
-5.938948798018495179e-01
7.772636171420884921e+00
1.325127872635901038e+00
-1.042481437328103056e+00
-1.464180912846906990e+00
1.426222884108899081e+00
-4.594507897260013074e+00
3.999658637208376000e+00
3.510226628128917392e-01
-2.019260185750360481e+00
-9.634121237244007707e-01
3.280757561326506089e+00
-4.269465789181617232e+00
2.390516282985897689e+00
2.100688544100363764e+00
7.270350439001102671e+00
1.534331385206979537e-01
3.780055345025145286e+00
2.286109607663001086e-01
7.459061236117501714e+00
3.816903094298629284e+00
3.032110773056291730e+00
-1.323260020460904851e+00
1.401204994891287248e+00
1.893061876751804817e+00
6.710173323757738117e+00
-1.081762395802839505e+00
-3.042286753650215392e+00
1.078629625952400195e+00
5.443869223823205594e-01
1.749251411300904557e+00
-3.282041716398489850e+00
-6.332170304379976855e+00
-4.081015720489844512e+00
3.120022993533600797e+00
1.605967304681500174e+00
-7.117012930104907875e-01
-4.765699202201604479e+00
6.591641219330909074e+00
8.817676155362491386e+00
-6.951744682058200731e-01
3.994387246664899305e+00
3.904855781701284556e+00
3.690451961003792913e+00
1.437594992586442633e+00
1.973759045830280057e+00
3.129669373877505656e+00
4.639005009045002459e-01
-5.351021607407489888e+00
-3.032809604889769695e+00
-2.504337226040877606e+00
-1.957646813257004181e+00
3.384462557938153204e-02
2.167870672386429387e+00
-4.021454430187151985e+00
-6.363299049414504971e+00
3.170385802167698941e+00
-1.690588401171572164e+00
-1.446031912233344707e+00
1.536090815450498637e+00
-2.803936311966945816e+00
-6.898539976210023461e+00
-2.667940106711431003e+00
-3.276710133012510351e-01
3.966052744078405912e+00
-2.036589188433709230e-01
-3.129088308669699892e+00
6.841904759868064900e+00
2.816311515868173299e+00
2.614303475251281483e+00
6.678155786365580937e+00
2.090842447244406266e+00
-5.441279822981295311e+00
-2.526927767211282205e-01
5.460629666215214506e+00
1.523835000516461369e+00
-1.902575153829885402e+00
3.651104873979694521e+00
8.541018053870050863e+00
-1.126716865231190967e+00
-4.487028601823518925e-01
1.333317446064059997e+00
3.034069832422002122e+00
-4.297903774301259361e+00
5.289925299495913391e-01
-1.539063239570601371e-01
1.364907187410539846e+00
1.104385620902070819e+00
-1.538162671018845629e+00
2.492162585146999176e-01
9.829657643432100356e-01
2.937951280743093641e+00
2.132607804145553398e+00
1.710600623845556001e+00
-4.198329657310680751e+00
-4.295096043444016076e-01
-2.280697049572674828e+00
2.107560789213981156e+00
-1.000258966347497669e+00
-1.229635597207982212e+00
-4.039570774860288260e+00
5.395233748488105441e+00
-3.569827651610996799e+00
3.017996591531557193e+00
-2.419770275257298042e+00
5.121423944836503317e+00
-1.223030161070460142e+00
5.605401269157101574e+00
-3.424990866334991502e-01
-4.620817084303785904e+00
2.728262785822187730e+00
-4.750323402687002816e-01
1.055338920081497767e+00
1.000383133534169744e+00
3.699697938744290759e+00
-3.039457767284203804e+00
5.290852775798922991e+00
1.794338764158128541e+00
-4.497018130439904837e-01
1.972731477545429934e-01
2.417132973668102203e+00
6.223036985858064085e+00
-2.345208419490098617e+00
4.681124102326703174e+00
9.820405244893986030e-01
1.045781107638399599e+00
6.380488984170994415e-01
1.986602092165036915e+00
4.098560102870077437e-02
-2.574450429500894977e+00
-5.026683442314948458e+00
3.629580829293900468e+00
-6.343650966887000031e-01
1.123992660092618223e+00
-3.043411657226801292e+00
-5.252709090424000360e-01
-5.939099192603999322e-01
5.256940201228005316e-01
-5.539433397115605118e+00
2.328393402484520092e+00
-5.597111546426040363e+00
3.238745201402689622e-01
-5.558920651976002603e-01
-1.291565230116320961e+00
4.076912347125057068e-02
3.367127904211892453e+00
-1.670310575286110488e+00
6.267705559840957008e-01
-2.826011758316406830e-01
-3.331798817996999840e-01
-1.889826953444003199e-01
1.877821944190981807e+00
-2.762292585333899098e+00
1.644190796649077857e+00
-4.846253701479559695e+00
4.536279818046739187e+00
-2.083962625802288748e+00
-7.552609063668414890e+00
6.996801719108527440e-01
1.920978464169996180e-01
-1.596813653595938298e+00
-8.912721648366522809e-02
9.922443609680917653e-01
2.830313788759692417e-01
1.759889214301379123e+00
-1.191299278305812503e+00
5.098052395974039364e+00
2.666165939512501470e+00
4.291926253593110197e+00
-1.185877169259370589e+00
-3.353038393256879690e-01
-1.595746771928850505e+00
-3.373344254673214415e+00
2.028300229916317310e+00
-3.995501746424700240e+00
4.046945904371259672e+00
3.384286610403054230e+00
1.480011723948939872e+00
4.127195396459578447e+00
-4.231827219956104003e+00
2.957641553125183176e+00
-5.983058257968327354e+00
-5.832672077306302327e-01
4.561304977152253137e+00
-9.337155823584982528e+00
-3.266239881550994539e+00
4.024373878284515982e+00
2.846512766553198848e+00
-7.552868839347685714e+00
-5.610729642544015627e-01
3.411161676018003575e-01
4.287838252724788468e+00
2.184686427936579189e+00
3.016053289215014921e-01
-3.916846156581401672e+00
-1.450002296851299555e+00
3.209237275649602150e+00
1.401929731496507348e+00
-6.991807700120136637e+00
-4.813593375499467975e+00
2.626665130263908576e+00
-1.083616098336796618e+00
-2.253407202699502232e+00
-1.759620899309602748e+00
6.243235682854990642e-01
2.333299119036097657e+00
-2.282371859990700358e+00
-8.990351967490987084e-01
3.526313633681068538e+00
-5.965091295530400295e+00
5.952768882746133805e+00
-3.182209918284921280e+00
1.807622065768096142e+00
5.613682066564744666e+00
1.057884589116694052e+01
-5.624734507960001961e-01
2.273666172272498898e+00
-2.969370739539702431e+00
-1.209594067166003123e-01
-5.062339783184509834e+00
2.945507212567876731e+00
-5.186724731698199697e+00
-2.447620816517400044e+00
-7.001595283408144965e+00
-2.891318667672272191e+00
3.374729586772386547e+00
-3.250785834162199350e+00
-1.957000169909102194e+00
2.013417659309595653e-01
3.650450519286327022e+00
-1.201821604285309597e+00
1.919880324508745240e+00
3.960677287547997305e-01
-3.147238122294197638e+00
-9.474830599459973524e-01
-1.412279773482597867e-01
9.016886781908005633e-01
6.779734078796793462e+00
-1.124282697192274050e+01
-3.003002694009002660e-01
-3.197792765693096673e+00
-2.829622793475475184e+00
2.507591504591500264e+00
-2.482752469386909855e+00
-2.249985553322471077e+00
4.626253250058234734e+00
1.829686487565252095e+00
3.731574073437358141e+00
-1.798319860383601254e+00
-2.460033468904701870e+00
-1.322856354535238976e+00
-4.540068373089996001e+00
-3.838295325642602673e+00
-2.624591888388312810e+00
-5.942103249035264767e+00
3.333347863063174543e+00
5.233343254309759551e+00
6.154611929316527785e+00
-5.016079461102618264e-01
-1.936607817142026455e-01
5.171037266019641976e+00
5.673522094723510101e+00
2.964459466743301963e+00
7.021553406511365836e+00
3.998565580692983179e-01
4.599827490790296958e-01
6.847922597080005058e-01
-6.141543993744823515e-01
-1.383900980228885080e+00
-2.673826706779705575e-01
-3.298769118272996681e-01
-5.604904172978003585e-01
-1.684886503961877224e+00
-3.818836145102755264e+00
-1.359176065753996410e+00
-7.055986156673180965e+00
4.892232595018097818e+00
7.128886091061564123e+00
-1.586976589646317271e+00
1.681394411276501799e+00
1.750517087154999096e-01
-2.127043450274689107e+00
2.424745256939962734e-01
1.020193365409201469e+00
-1.933596935171507381e-01
1.067085379714870053e+00
-2.696649848968046825e+00
-1.949205258866200108e+00
-2.009616987786355224e+00
2.315364319567354112e+00
-3.917745552078422122e-01
-4.908190245739530333e+00
-3.924252325601311209e-01
5.291973380327985588e-01
2.737311284985711524e+00
-6.037323819288260562e-01
3.590044078901884372e+00
-2.814567504448787005e+00
-6.335227370267451086e+00
1.176140308379178157e+00
2.022715123336902288e+00
1.328411812899487066e+00
5.798117800145027090e+00
-4.066514149371412423e-01
-3.219829615193501304e+00
1.615323338659897079e+00
-5.133659087139505139e+00
5.794369410721598612e+00
-1.043113181370002529e+00
2.802986563160488664e+00
1.583566809083305937e+00
-1.829388368865422221e+00
-1.761481338174699429e+00
2.329278826731196794e+00
5.309077680120699583e+00
-5.227614362264030312e+00
-3.779924076961389101e+00
-4.332337441862187610e+00
6.328219591631121688e+00
3.245303656024107752e+00
-1.450942792933198833e+00
-2.138262270958507738e+00
1.031936955642300591e+00
-2.988336432260882525e+00
-7.556066925396836886e+00
6.675149295438990160e-01
-2.846585143356354486e+00
-1.825106810770769306e+00
1.389801764852497623e+00
5.132651493886001504e+00
5.284959921621322110e+00
-3.847396086431584816e+00
-2.499998149467522968e+00
-7.749021414665813623e+00
-5.993725503813125854e+00
3.371229221099249163e+00
3.779051248016975229e-01
2.894944306465401684e+00
1.686864090158304519e+00
-8.939259582951822880e-01
1.127956339141226311e-02
-1.760238312647747216e+00
-1.293294562964157457e+00
2.043204113832100433e+00
-2.259674394489600502e+00
-4.711759387983945224e+00
5.170552367533798321e-01
7.190830484029038239e-01
-4.131411982237155556e+00
-3.864813016744779173e+00
-2.933682966974309636e+00
5.717561691954994307e-01
-1.620459398724448885e+00
-1.911601945617993903e-01
5.693356932131824699e+00
6.509435600609998485e-01
2.843337625264540591e+00
-3.030016259296902437e+00
-5.359020841313149930e+00
1.603037491508014778e-01
-5.384070064418651214e+00
1.560241367681900693e+00
-3.135302252143801649e+00
-1.862776566278796953e+00
-1.222800381951497428e+00
2.369642467247870421e+00
-3.120772065654801031e-01
4.493084890775202567e+00
1.557944690338149529e+00
3.939202584298097332e+00
-3.013690736143700644e+00
3.750757516812004422e+00
-3.696299122648399660e+00
8.658916037926048248e-02
-5.708627379026639304e+00
-3.743584429843592964e+00
1.568705867945452637e+00
2.610943627562468450e+00
8.163494359716528592e+00
3.214564923204109803e+00
-2.937618163883077393e+00
6.637560433694837059e+00
4.022395056879186637e-01
3.449920696212243509e+00
6.011868347418301894e+00
2.535546904422548042e+00
4.521804568349855558e+00
-2.970944059094796863e+00
4.440570486258913263e+00
3.921407619380286036e-01
4.936987395390099564e+00
1.951417764652903619e+00
2.986935838137424692e+00
-2.181161399001422030e+00
-6.334257294406262062e+00
-1.342363110279200855e+00
-3.885473394106525813e+00
-1.047089793718337214e+00
-1.303447835143796807e+00
2.861235411856880351e+00
-2.267226468773197112e+00
-2.263521161847079632e+00
-4.142283878764721372e+00
-5.211720401418070914e+00
-6.055871194229738741e+00
-9.347970019974018996e-01
-1.559587465590100308e+00
-7.207297533837998538e-01
-5.879397909161225844e-01
-5.404646955362768512e-01
-1.035951209220901559e+00
7.360748811716172346e-01
-2.559085882287300606e+00
1.691941326473608065e+00
-1.069350735289916532e+00
-8.517594430585011533e-01
-2.103688996120988974e-01
5.531487605524301188e+00
-8.931552981994506091e-01
-6.277038530896093815e-02
-4.476661104746993969e-01
-1.628376436419865791e-01
-4.598888306882762400e+00
-7.632767595144811512e-01
-8.490945483569150909e+00
-8.008360444050005578e-02
-3.742995562982409208e+00
-5.453535369599380012e+00
-8.140138163562966878e-02
7.804587180630916388e-01
4.655244981908394308e+00
-6.539760008519879264e-01
-5.003258148368008307e-01
6.186957706697706172e+00
9.939714148682800010e-01
2.062979754528044829e+00
1.892766957644430592e+00
6.084829829622996122e+00
1.846671381988216343e+00
1.058033917111098843e+00
2.896324349338259108e+00
-2.579567387233323128e+00
-1.209667292497914465e-01
6.566698305314170092e+00
-1.868872869757499888e+00
-3.302430470925112882e+00
-5.437735111440900049e+00
-8.458301145237592800e-02
-4.993054801721901748e-01
5.519535737127251984e+00
1.162540543850219210e+00
-4.225271744699603538e-01
4.013019086806096425e+00
-4.086987519613892950e+00
-1.851127201686400214e+00
