0.000000000000000000e+00
-4.144756725041807144e+00
7.456349939112810965e+00
1.709679566319098454e+00
-3.454218007625597053e+00
1.719176758085499523e+00
5.187926959238208013e+00
2.244526004403996300e+00
1.526093810793602845e+00
-7.652653381228104124e+00
3.108177874141005437e-01
-2.441625526163397897e+00
-2.274875747031996909e+00
-5.958631504388948175e-01
3.715550500899703845e+00
-1.332624658946001572e+00
1.043861592178798370e+00
-6.210729107210994915e-01
-5.662092631684601862e+00
-4.828644193710498911e+00
-5.911653705877692566e+00
1.357826104369294296e+00
6.896238204086104773e+00
8.309061061604010590e-01
-6.416212768750163831e-02
-8.593200985426994176e-01
8.011295124929996847e-01
1.136242128910700977e+00
8.257102481935982841e-01
4.285456193608796482e+00
3.169983997853018654e-01
1.860268264950012684e-01
3.414807235811204489e+00
9.391707107434980051e-01
3.903704456973597026e+00
1.027576886078001572e-01
1.593846812845697958e+00
7.221800927185002550e-01
2.692869691175300950e+00
4.628959750767804415e+00
-1.604329906279004792e-01
-2.152466025204697875e+00
-1.193033196034503307e+00
1.367294060064999650e+00
4.182171337304901648e+00
5.584049925223095734e+00
6.236028399319303972e+00
-9.432129878408993529e-01
1.141472719687001286e-01
-1.493732355537299661e+00
3.109718734418794206e+00
2.625334788125107455e+00
2.591430958351001124e+00
-2.016245696712798186e+00
-1.224779352556401912e+00
-2.216770201943003560e-01
2.571981068700401440e+00
-5.342970900405009660e-01
-4.117393240336101101e+00
-1.503120277073899613e+00
6.335071008639202361e+00
6.377571122718617147e+00
1.841644529240899830e+00
8.857617303590997748e-01
-2.780448688211299757e+00
2.135550007248007420e-01
-2.284712605163988774e-01
6.636568047102294088e+00
-5.093021430058800370e+00
1.153973415432000826e-01
5.867426253844600481e+00
3.344078965488598065e+00
7.644519936213004518e-01
-7.819324396544006239e-01
1.600938336909899729e+00
-2.120746642354809364e+00
-2.650510197503999077e+00
4.417750110852393775e+00
-7.298192046579394798e+00
8.080163914749066700e-01
2.855778403578701052e+00
7.133023574957111812e+00
1.645139133547300681e+00
-4.061740506548989216e-01
3.075414910910204025e+00
9.126639813182987337e-01
6.214067675257002321e-01
3.407885730330998952e-01
-7.226786177605297290e+00
-3.899594526741487321e+00
6.576693430179994526e-02
-6.280608905474200476e+00
-7.197148734710999030e+00
2.892665607863697197e+00
-6.147415265444077015e+00
-6.534491721300961231e-01
2.788562297812203106e+00
2.945586381471898108e+00
-9.594777021457995270e-01
-4.615981562068388833e+00
-2.260637043038406624e+00
5.287729158993112577e+00
4.958933006977402691e+00
-2.725257281214597871e+00
1.231561452086001318e-01
2.031396718694102432e+00
-8.649338595421010023e-01
-3.606448559091099071e+00
-5.113970525602996586e-01
2.555565282715390296e+00
-2.170535195643997217e-01
-7.850094934921202139e+00
1.710059296340304291e+00
7.592130974028998835e-01
4.445446401850801976e+00
4.425877504980984867e+00
2.219523608697500983e+00
8.438261877781986220e-01
2.231190836038799752e+00
-9.914589896800998226e-01
2.292939573620028648e-01
-1.457919545479005929e+00
3.788968540737798207e+00
-2.989002775426599978e+00
-8.924495596369005357e-01
-3.638427108462994330e-01
-5.153698459272089138e+00
-8.656348895282414801e+00
4.647235805177595935e+00
-1.166111849246198151e+00
2.777413766841899445e+00
2.131879493582498064e+00
-5.553936697573996772e-01
-2.125353999756989520e-01
6.882149186068017288e-01
-3.075970519338798503e+00
3.191594891131002698e-01
2.170702284160497708e+00
-3.526143209996700723e+00
-2.383591089380097117e+00
3.500552210949200216e+00
-4.753841254855092124e+00
2.003504911434699221e+00
8.929096441574000398e-01
1.270859297354298922e+00
-5.015707984557997712e-01
4.689608361565698047e+00
-3.301269438116399169e+00
8.494125004855700212e+00
5.190871773286092505e+00
7.232136886592110514e+00
-3.146284371599207486e+00
-5.019118320176999548e-01
-2.533541195101097987e+00
3.327455304564194805e+00
1.454271854832498656e+00
8.616597820085999393e-01
4.391029756513599835e+00
1.964394230397401131e+00
2.807076374996806845e+00
-1.046017615132100786e+00
-5.226438628507096951e+00
-3.521905425924594546e+00
1.494528058925100433e+00
6.033660162241788250e+00
-5.490751530963586369e+00
-5.118393333630704589e+00
6.024643450960228463e+00
4.454176340238200638e+00
1.295705355699799499e+00
6.895236931603008212e-01
2.273706521852007612e+00
-4.259290682144401430e+00
-1.007084518682099361e+00
-2.654392540452598759e+00
3.532762978214499583e+00
-1.157688580437898906e+00
3.435627924277206091e+00
-2.604849146671397442e+00
5.479266159330991037e-01
2.598113592722003151e+00
8.075270727380013946e-01
1.785176415028998931e-01
-6.725153416410900142e+00
-6.256573483360606147e+00
1.074340764429599693e+00
-3.074798712504599241e+00
1.578956510875702657e+00
-8.050821907477015982e-01
-2.021608784780300816e+00
-5.046442694957198327e+00
-2.611951380966986425e-01
-3.618012223395596916e+00
2.754119586202502301e+00
2.929764717790900086e+00
-5.867369025961407303e+00
4.692022874946290223e+00
8.104568012013981804e-01
2.151805916788194217e+00
2.166346423331503068e+00
6.358537016455278135e+00
-4.760138116758602322e+00
1.716385256527196201e+00
2.105460233979601359e+00
-3.980438038664023126e-01
-6.009106878730968715e-01
1.513919241717096575e+00
6.809269823139800337e+00
-4.117687242125795954e+00
-6.928436122767009930e-01
6.784451641015005752e-01
2.902881309390100917e+00
1.827951332550702412e+00
-3.446401851266305272e+00
-2.432598207151404512e+00
3.058349378370994742e-01
6.117236725886008308e-01
-9.338426664486005890e-01
4.609361596396905902e+00
-1.106103936196804804e+00
4.684722423560989113e-01
-1.851117057719095405e+00
-2.748535029592605206e+00
3.421054139740600242e+00
-2.502761706704499822e+00
1.351732473819100333e+00
-7.335187233953008867e-01
-2.589108468965997112e+00
-4.785305505611399113e+00
-1.241827925663601562e+00
6.806118004042402525e+00
-4.448354199533596898e+00
6.618289122370896393e+00
3.309875616810105114e+00
3.967479731879897109e+00
5.834096334570990638e-01
2.755557274441295945e+00
-1.017083201544098481e+00
-2.146650040518699676e+00
1.271976508199294420e+00
1.795658798891700325e+00
-6.293046287890033397e-02
1.227318720880203440e+00
2.710735486820200713e+00
-1.849830880758801310e+00
3.856872200976401377e+00
7.767681907886978543e-01
1.815204493709693834e+00
-6.274228878265000198e-01
1.371953673653699912e+00
1.915560601276798058e+00
-1.558927863835199323e+00
4.917620513583698560e+00
3.402943447233103935e+00
-1.915967535236898556e+00
-3.563228212305003861e+00
2.278341744103199673e+00
-1.138872690592994119e-01
-7.235849127030999917e-01
-9.617240656159340872e+00
2.789479430768099011e+00
-2.131105002016499217e+00
1.322307005548700065e+00
-3.273362845180903591e+00
-1.017154984154698516e+00
-4.078844593853200529e+00
1.666454765958399920e+00
1.007203958929397736e+00
2.283434448750080392e+00
-3.531953712930007150e+00
2.448080739004593109e+00
5.546038225648012299e-01
-2.179948966951001488e+00
2.312765862791898108e+00
-3.108305316471994262e-01
2.189550762997000355e+00
3.197925772513798837e+00
-5.340076014404993021e-01
3.493268027897999950e+00
-9.969997704015000073e-01
9.572347011263990790e-01
-9.083710573633000385e-01
1.840561114254499753e+00
-1.583203781397500176e+00
7.023380819722488511e+00
-1.759280875292200896e+00
-4.403351757670697531e+00
-8.000787710764417637e-01
7.040998190578996452e-01
-3.624817162747103971e+00
-2.612466007470604534e+00
-1.949766501769007454e-01
-1.510131489489399570e+00
2.762478884308701588e+00
-5.876091688868187113e+00
2.948200820008606282e+00
9.496827125707983930e-01
3.347713110962613037e+00
-1.075145497917999293e+00
1.128249865017895148e+00
-4.141360240077606392e+00
-5.440449755635398787e+00
4.101293396212102316e+00
-3.928376764063897131e+00
8.783781211819002843e-01
4.565677799278073046e+00
5.661357641242415362e+00
4.501298760993791781e+00
2.054059617166000551e-01
2.856005769218402879e+00
-3.110920190815903652e+00
2.176518192521305739e+00
-1.094995137306599808e+00
-8.674309764060993189e+00
-1.390226401396108979e+00
-7.186383977580995674e-01
3.027353420841498721e+00
-2.757619570935404774e+00
-1.052581686533398786e+00
3.737462997439503720e+00
1.362182386208004026e-01
1.819127446027597683e+00
2.692991927246001449e+00
-4.045887075353403972e+00
-7.806427627819999548e-01
-2.420252822082970545e-01
5.634752325644999393e-01
-5.439040340489214032e+00
-6.005360994488690096e+00
1.656629009172100542e+00
8.705259116419955534e-02
-2.111721355469101447e+00
-3.474474530670603301e+00
4.354946468032183660e+00
1.648121111090999014e+00
-3.695882298047001857e-01
3.871749572453899280e+00
3.898690059778097794e+00
-1.866898629806997612e+00
8.129376210277018400e-01
-5.521502148366697504e+00
1.580203646794299921e+00
4.177174856891697985e+00
1.033851581812331233e+01
-6.721655409756015498e-01
2.219144608826501219e+00
-4.637128902605208935e+00
5.128086432956001639e-01
-6.198180977247791823e+00
8.102569907900784685e+00
-2.137611690894900107e+00
-3.846157103775901032e+00
-6.021205421529899127e+00
-5.788487566658898409e+00
1.380685292201298875e+00
-1.914501462136802612e+00
-1.660810858268993995e-01
-1.593490969398005941e-01
4.979658942672311461e+00
1.401584580545299996e+00
3.015406694248701225e+00
-3.025433257221697758e+00
1.415120642633899140e+00
2.364256704219514393e+00
2.704847285517804956e+00
-8.473367206721017508e-01
4.510268257926697721e+00
-8.617501525219596559e+00
1.069778483361594201e+00
-3.165535738695512524e+00
-2.170723710209299551e+00
1.096319712699797888e+00
-2.817833270855401029e+00
-3.916899468744598600e+00
5.251330230398204790e+00
3.573595585296894583e+00
3.862547926590002234e+00
-2.156969660881095763e+00
-6.585147421803805301e+00
-7.751872055218987922e-01
-3.119503941376799538e+00
-2.435478601600503445e+00
1.330480333398996740e-01
4.481271282039826775e-02
4.121059721346497895e+00
6.035452369600792011e+00
4.360188910724906108e+00
-1.318923383610048905e-02
-2.980079993608300892e+00
4.447031194341198201e+00
2.276960054422291435e+00
9.923996776323016356e-01
5.847916631043996283e+00
-5.836074873705996424e-01
1.212038276714600737e+00
1.916807226838700418e+00
4.026657342891993285e-01
-1.261134101064399049e+00
1.000254681327400696e+00
-2.524593655014697902e+00
-1.584304943676994037e-01
-2.007522497326999833e+00
-4.592792319460415468e-02
-6.936103068224990231e-01
-1.223179001355801043e+00
1.835266180324801155e+00
6.583632536222987497e+00
1.282011877736901395e+00
3.510921046138392843e+00
-3.204448811711199774e+00
-5.896914079630997119e-01
2.161744741703300221e+00
2.440929763009304310e+00
2.870399121159205702e+00
3.623623242604994132e+00
-3.632821207873705660e+00
-6.004724567775396871e+00
-7.179717121651805201e+00
1.628300728277802811e+00
-2.028379393741504000e+00
-7.018340472127898799e+00
-1.322505893206898708e+00
2.959252115331105770e+00
1.751358933746701263e+00
1.821005051938899610e+00
2.529288977374997582e+00
-3.649587137636102430e+00
-4.602784859017094554e+00
9.069524332230033403e-02
1.146387167249200312e+00
-3.712156465285695095e+00
4.229888515549309780e+00
-2.640416592369002391e+00
-1.246618367729200427e+00
2.871319755913800620e+00
-4.794520193704705058e+00
2.942551769316996690e+00
8.607486188426002327e-01
1.229470329359601433e+00
7.456041891008942102e-01
2.772923341020087751e+00
8.762429319389982707e-01
3.156610827899997584e+00
8.565483115609591636e+00
-1.892119787619893634e+00
-1.846627540905117382e+00
-2.574786169463195939e+00
4.894451463599510888e+00
2.592462766952394304e+00
-2.509942881760600208e+00
-2.826060321179993284e+00
6.603826060836999190e-01
-1.502201050526802861e+00
-8.513534318640706644e+00
-1.029255386446100040e+00
-6.347600545732595023e+00
-3.282820958635296993e+00
-1.372988486649505235e+00
2.445480147383598091e+00
1.769255045798699522e+00
-6.362220415850710964e+00
-6.826235055893005166e-01
-8.961204953474494417e+00
-4.334049530339510348e+00
-1.766626535759991540e-02
8.839937988678008285e-01
1.244428362700400914e+00
6.060023186738500378e+00
-3.693845307770068920e-02
3.220598863431301417e+00
-3.353551790116200415e+00
-2.466987449663600618e+00
2.750623151618039608e-01
-5.803069725605900508e+00
-1.837916143237794619e+00
2.638109292827199859e+00
8.633276075959921136e-02
-1.953054513777498169e+00
-5.358799137213000607e-01
-2.353255916366701062e+00
5.182007140699960990e-02
2.927320148793504107e+00
2.731770049774411735e+00
4.684426074862997780e+00
1.986708177254000285e+00
4.011139690881399211e+00
-2.657439898698198188e+00
-7.862871192381595264e+00
-6.152376942291996054e-01
-3.008874449883303992e+00
3.071507547057401588e+00
-2.171652942898698591e+00
2.282860074182700316e+00
-8.261148389389959545e-01
-2.004742417479900229e+00
-4.942722544151031405e-01
3.060627035784900141e+00
2.567762183018500899e+00
3.731318006292903888e+00
-2.448180697853499677e+00
4.152325747536600886e+00
-5.621233217421401029e+00
1.457126211382599124e+00
-8.358408994878009368e-01
-6.666355133152012113e-01
3.423319561429100766e+00
3.474829466992813032e+00
4.067228082558301594e+00
5.146312527318001040e-01
1.779928784694996269e-01
4.236740218464394303e+00
1.618509549670800629e+00
4.542879311369599549e+00
4.806556366385011714e+00
3.383369300515810085e+00
1.607555666910797099e+00
-4.207127708969995439e-01
3.562352456158398795e+00
9.611475914583998970e-01
3.069709122204994589e+00
2.056027688092799455e+00
-3.616524897544994288e-01
-3.332878952851096699e+00
-1.602517440838032159e-01
5.384520087505008101e-01
-5.190613651665208828e+00
1.054248318081199454e+00
-2.081768719477299801e+00
2.867764514019002786e-01
-2.721604851993509655e+00
-9.652386345198015194e-01
-4.315322130914888810e+00
-1.444634161888800561e+00
-4.167881760732903729e+00
7.494857832764971750e-01
-2.538061976435699307e+00
-1.347593244162499593e+00
-2.255540192129791066e+00
-2.933745538810398568e+00
-3.078880108873898624e+00
-3.146914643246510934e+00
-1.580422837292002169e+00
-6.441848781007982749e-01
1.110631873824799110e+00
-7.618303373546968515e-01
1.167063107724301885e+00
5.199086092408690796e+00
-1.881519751629605830e+00
2.815131327147998963e+00
-1.181430509315000155e+00
1.659608591348498141e+00
-6.855258315799889424e+00
-1.653049986800103399e+00
-6.167145712327902096e+00
1.377036495133101557e+00
-2.457773275673594160e+00
-3.698926761749901981e+00
-2.039977088604978117e-01
6.220613047899896386e-02
2.754327340057597606e+00
2.059080637879989045e-02
-9.155100211069999716e-02
3.130273483689796965e+00
-3.429258503026002547e-01
-1.057877048868900438e+00
4.153277341275303236e+00
4.552502747605903899e+00
2.845516556913304296e+00
2.361081272373500184e+00
2.886265181003495606e+00
-2.932996433221594312e+00
2.410887153804699423e+00
6.282087776804200274e+00
-1.737812411045799976e+00
9.665948981251208938e-01
-5.892722677443796186e+00
-5.836670287400182872e-02
1.435134816925400347e+00
5.362170724204601946e+00
3.879665080518002185e-01
-2.220814032480094014e+00
4.093105662640300402e+00
-3.039560466320088278e-02
-9.890713915222001384e-01
