-1.900096627760020085e-01
4.123680081608523396e-01
7.318283959091858470e+00
1.060732443838879879e+00
-2.578111290587971283e+00
2.843763631198221731e+00
2.550218171418181079e+00
-6.371502196412699437e-01
3.733850830044445068e+00
-5.455786939192375229e+00
1.158597249604248258e+00
-2.554818481214690129e-01
1.467066844179842552e-02
-2.204325811566088866e+00
3.867641489404311517e-01
2.867036696373161497e+00
3.211897087731125922e+00
3.386549796212966701e+00
-5.392020833192851192e+00
-5.377852305650776543e+00
-6.406093821298045832e+00
3.761997614729674089e-01
3.341110916657856311e+00
-7.573198933668485733e-01
6.283010494745197017e-01
-7.172070589616178493e-01
3.157001685736794960e-01
-2.233570879685087718e+00
-1.179464334297261052e-01
4.218615845391196495e-01
-1.134780901263594544e+00
2.893462557554858261e+00
4.435788125118374836e+00
2.232174204579166155e+00
4.482663803621221632e+00
3.545232913663704188e+00
-1.157569471481849188e+00
1.107759681791498529e+00
2.138384491558593670e+00
4.055429279766618933e+00
2.471592430409220942e+00
-6.213577397516172329e-01
2.025586177345907846e+00
-8.944811412360427205e-01
3.455857163870629911e+00
8.376593097955330691e+00
5.188275611732171555e+00
5.220844909695979696e-01
-2.595663464070836035e+00
1.753183371257439616e+00
2.688207434539290563e+00
2.051715911075241650e+00
2.543996581074440488e+00
1.129539422941757687e+00
1.190125043842786612e+00
4.233857225989187789e+00
8.216611597751477092e+00
-4.847237901273763860e+00
-5.729844352092480442e+00
-1.105117730120802610e+00
5.265636153098491867e+00
6.836367088335462583e+00
4.400921129762243034e+00
-1.500472621288808650e+00
6.872947742614958777e-01
-3.970509399142266194e+00
8.515481482481653819e-01
2.221278186221456341e+00
-4.029984438709555583e+00
-2.625097268624957181e+00
8.774529949472354318e+00
6.460162345106922110e+00
5.420147908071289988e-01
-3.526200366320558111e+00
2.084655465632402116e+00
-1.309378149489067722e+00
-3.632753802897378037e+00
5.457419372077644049e+00
-3.574182616853954553e+00
2.112459413994833834e+00
1.512146051705471894e+00
7.768683133241070848e+00
5.441736812276977142e-01
-9.552761587894843531e-01
4.975526500466367352e+00
1.169984191353234282e+00
2.254647013170155034e+00
-8.068281673775467011e-01
-6.901038256543761129e+00
-1.475669771016796750e+00
-4.654643031234921291e-01
-4.900340603787817884e+00
-7.908530108219188115e+00
1.260066059241379710e+00
-6.462520796379975785e+00
-2.960297607551183763e+00
5.463717944534933757e+00
3.118100682903954812e+00
-2.727396563763685222e+00
-4.490696896584881692e+00
5.902457694330683902e-01
4.768096854210274849e+00
-4.242359151920740423e-01
3.404769783438436892e-02
3.002623782248967088e-01
2.378061767838541396e+00
-1.227379538154301092e-01
-3.435632677909119970e+00
-2.691380740750375922e-01
1.877690555242908399e+00
8.883680492518836180e-01
-5.758011766101215123e+00
2.263975563082427644e+00
2.922917582595897734e+00
7.484748748343374558e+00
5.218809437038399501e+00
7.626366030883109381e-01
-6.438279307963332698e-01
1.184863664929807880e+00
-6.258350300645356690e-01
9.962948568736885724e-01
-4.578439960527396657e+00
3.940663482640267556e+00
4.743246800590202317e-01
-3.507098767121251903e+00
-1.520241940027352301e-01
-8.504750696005034527e+00
-3.795170168381516440e+00
3.925842321082547937e+00
-5.853321423035596771e-01
7.737822919822541223e+00
1.331267163170027024e+00
-1.058356212262912877e+00
-1.460370956012077892e+00
1.404328391435578638e+00
-4.569436760419598897e+00
3.986346033076544337e+00
3.488857103915332658e-01
-2.015357011151624356e+00
-9.458061467719360849e-01
3.267093833137069137e+00
-4.264572128053451650e+00
2.375381586109160725e+00
2.084994817728401895e+00
7.232661265740721213e+00
1.400211622545240453e-01
3.756017887045159043e+00
2.186716099047022466e-01
7.416399443783866730e+00
3.809843764118526099e+00
3.038699169617932405e+00
-1.329911762335495240e+00
1.400028489503914564e+00
1.894175117206572168e+00
6.682332026674918879e+00
-1.074028017095101095e+00
-3.036502877197518657e+00
1.054304418519458775e+00
5.424372690229706251e-01
1.735855684844496816e+00
-3.279744651939510813e+00
-6.302964306007681650e+00
-4.056898410759258056e+00
3.099136224188421274e+00
1.584538358812529912e+00
-7.035795004335768654e-01
-4.757362492313771618e+00
6.562213798172596313e+00
8.787707139928381039e+00
-6.798727608543453371e-01
3.962097068456968518e+00
3.906176791865099140e+00
3.671141759874885224e+00
1.435116007186087339e+00
1.957742860858890710e+00
3.142090484609417533e+00
4.668395095738925304e-01
-5.324718351532021998e+00
-3.024769594352212820e+00
-2.497117847076106845e+00
-1.950708830147074302e+00
4.608021089130450582e-02
2.156216476860314035e+00
-3.983621783966972529e+00
-6.322536174140228837e+00
3.139820747682112501e+00
-1.697385870906996441e+00
-1.456456166932907470e+00
1.538433737131975843e+00
-2.795007090464285415e+00
-6.859532528378313287e+00
-2.663492338195229348e+00
-3.373989828539333269e-01
3.936036215314301145e+00
-1.971533895712237194e-01
-3.106865326721498732e+00
6.802105851801814929e+00
2.809769864940964812e+00
2.598275353293854284e+00
6.649416832311342063e+00
2.068113123416884136e+00
-5.417927209790985188e+00
-2.558128121511586417e-01
5.444275348301547801e+00
1.537049414654977353e+00
-1.894679512869881899e+00
3.634658718388912302e+00
8.493118152185099134e+00
-1.130649378634158930e+00
-4.623697906773198696e-01
1.304625380940399371e+00
3.011706585884307064e+00
-4.260229510603501524e+00
5.286115726264574155e-01
-1.609423124806420580e-01
1.352891685225684260e+00
1.096757580900213247e+00
-1.540518734054699301e+00
2.429471591671980013e-01
9.657923400886845311e-01
2.903731685932235518e+00
2.126665218005193481e+00
1.664223679919311083e+00
-4.170225396355538017e+00
-4.365926050016993298e-01
-2.265295270324679588e+00
2.091181218554086563e+00
-1.000854186259394041e+00
-1.234474311969295357e+00
-4.027590735138620204e+00
5.371541003689928928e+00
-3.543758283024034395e+00
2.993157141198916626e+00
-2.397642271066818598e+00
5.103015519667751576e+00
-1.220675733146951991e+00
5.561285083714818889e+00
-3.502832986131307891e-01
-4.583267895806086401e+00
2.712570487322796264e+00
-4.724771852010793971e-01
1.054316856508891398e+00
9.970554083239321352e-01
3.677678954509056908e+00
-3.027791456415010352e+00
5.267672242324872300e+00
1.782255536906283355e+00
-4.400316655160652624e-01
1.707314794989280293e-01
2.393502971486245912e+00
6.187182492268355816e+00
-2.334818553214898174e+00
4.675141895310765960e+00
9.760425537758639081e-01
1.046182076609339484e+00
6.317249516974132728e-01
1.995041864731986747e+00
3.510870057890296686e-02
-2.563590374171459185e+00
-4.996351502596557026e+00
3.621344623145632546e+00
-6.298538830462224736e-01
1.132332678499670342e+00
-3.027972573965284742e+00
-5.305258582313805427e-01
-5.805556973805128251e-01
5.222002756670933721e-01
-5.503264343155588101e+00
2.322321092931064701e+00
-5.577463437136660929e+00
3.369451879691054974e-01
-5.501159502787246192e-01
-1.300813474412042980e+00
4.914792685714543252e-02
3.350498990340570860e+00
-1.654455589086105238e+00
6.355398439978227065e-01
-2.745400431320800250e-01
-3.156719908787293249e-01
-1.848107984697554274e-01
1.881834981532357620e+00
-2.735901609186579098e+00
1.634313414561468392e+00
-4.813621580550341506e+00
4.518534605982114982e+00
-2.089817028987479119e+00
-7.514845700526176842e+00
7.122054602012981572e-01
2.010191038234355465e-01
-1.587124573515892090e+00
-1.069006186775313672e-01
1.002081440377058597e+00
2.665835520031837880e-01
1.737390651879382020e+00
-1.188079177417111554e+00
5.080369520091011282e+00
2.628733547129057158e+00
4.271331600059649958e+00
-1.199061426751636628e+00
-3.506570243328399061e-01
-1.579441091911684580e+00
-3.354003304769161531e+00
2.032112176544709659e+00
-3.941225875040804016e+00
4.030326375365213210e+00
3.366452618624520277e+00
1.473131102432644113e+00
4.105863577938569264e+00
-4.182121782409319977e+00
2.951523329930156869e+00
-5.959527639255192355e+00
-5.875316152379489454e-01
4.526513467829970772e+00
-9.310032538587735829e+00
-3.231008007993788844e+00
3.986551001593713117e+00
2.837387540231059546e+00
-7.535609943320886295e+00
-5.377279191254485946e-01
3.294801033031183879e-01
4.272927501882803902e+00
2.176438325328028167e+00
3.231340972110833265e-01
-3.907006755841369916e+00
-1.450908251785193004e+00
3.201888917064947826e+00
1.394730109885211622e+00
-6.942107641875431945e+00
-4.790481441356831738e+00
2.609055890085226981e+00
-1.082993263628744485e+00
-2.227645747633403062e+00
-1.757106357632458149e+00
6.136963871072053101e-01
2.329649623991493890e+00
-2.251365163556345639e+00
-9.026874245243438066e-01
3.529971627885784002e+00
-5.932281159645502733e+00
5.915908307416730239e+00
-3.175234902622511068e+00
1.805724262217812015e+00
5.594393186507153004e+00
1.051587899432847628e+01
-5.460031349662857192e-01
2.255324854446770999e+00
-2.934279952889738308e+00
-1.063429115549307524e-01
-5.049498942843678506e+00
2.894166029121815420e+00
-5.168565122126663525e+00
-2.434222917246730677e+00
-6.959444784549458696e+00
-2.883060020208446872e+00
3.372681429719414314e+00
-3.239590444280385118e+00
-1.950383410625380121e+00
2.137842235704510707e-01
3.633242815904688783e+00
-1.187208355228061674e+00
1.912756047533171078e+00
4.006526434648224333e-01
-3.132702504647595365e+00
-9.424618243523615879e-01
-1.389138142962153266e-01
8.858329079901480219e-01
6.747080157413146928e+00
-1.119013412153701204e+01
-3.015162601324203884e-01
-3.182206852376590067e+00
-2.825700765742110931e+00
2.477614842311260723e+00
-2.478227112458237347e+00
-2.235924605715572611e+00
4.598651569626665214e+00
1.810850274933912596e+00
3.712379144465729031e+00
-1.780383108074475862e+00
-2.460152873197263723e+00
-1.304901061074770663e+00
-4.510888501920471860e+00
-3.809793888842117671e+00
-2.617502244673875378e+00
-5.920337365748258307e+00
3.309587439800488085e+00
5.209833900267622830e+00
6.123861490792194218e+00
-4.980500790088386309e-01
-2.209133607891685391e-01
5.156036989328947051e+00
5.636376780853905366e+00
2.954100027243875992e+00
7.005267226398588676e+00
4.032700333934870485e-01
4.419891479975184279e-01
6.777849852443964540e-01
-5.963374175749012185e-01
-1.371899354344098931e+00
-2.683153644321627507e-01
-3.214501850477025635e-01
-5.619860291212633863e-01
-1.687857211366966981e+00
-3.801823809101837259e+00
-1.362878453106457055e+00
-7.031012151509195007e+00
4.868365545974683073e+00
7.092477252008480448e+00
-1.582933677170015985e+00
1.667970223763461490e+00
1.691979007928419709e-01
-2.095569805446595879e+00
2.376129768922488339e-01
1.029224980782739163e+00
-1.991593488848866222e-01
1.053321486134515261e+00
-2.704364631721261958e+00
-1.945776246499034912e+00
-2.003739876646760010e+00
2.338482205410493897e+00
-3.930043171389205892e-01
-4.891125778786087785e+00
-3.937698829459078675e-01
5.272669087546181244e-01
2.728203812702423736e+00
-5.985798836932851863e-01
3.564109004576052619e+00
-2.808766900261704613e+00
-6.302722448256699472e+00
1.161666551230742916e+00
2.009897127379719706e+00
1.321966851639596374e+00
5.745002925570418029e+00
-3.971878260181130327e-01
-3.195211035983501091e+00
1.607921598408210917e+00
-5.082194295464872447e+00
5.757260105262135497e+00
-1.041367180334754616e+00
2.784628679101374793e+00
1.554497027022375244e+00
-1.819112992513911786e+00
-1.746002221920510689e+00
2.314138817629205924e+00
5.285412034677154480e+00
-5.215715904662293845e+00
-3.757595972349186741e+00
-4.321094721276917738e+00
6.299687796047201083e+00
3.237979865029534388e+00
-1.443992478807941460e+00
-2.113623441947332093e+00
1.041856164072151314e+00
-2.985622655696077210e+00
-7.514189299475281025e+00
6.628279429539278844e-01
-2.846708011984847797e+00
-1.816664644571302611e+00
1.395458835606379955e+00
5.102572977191565329e+00
5.260214048618218285e+00
-3.843842474204970383e+00
-2.459944394377646670e+00
-7.693491613440765597e+00
-5.966287269720757180e+00
3.353024870364574195e+00
3.802867529911270750e-01
2.875784826121408511e+00
1.675988495898688813e+00
-8.889897415782475054e-01
2.607882177992592795e-02
-1.752394843857754569e+00
-1.298613761579380910e+00
2.018084486428632918e+00
-2.252190794305088062e+00
-4.697566768697336137e+00
5.124694110478039688e-01
7.191378657548321840e-01
-4.112152572489796043e+00
-3.847298474154964065e+00
-2.933308752093060079e+00
5.660155937285008543e-01
-1.611670641182504360e+00
-1.801439222094448067e-01
5.666567111377194266e+00
6.476268387340934352e-01
2.826324670741592548e+00
-2.997469632497046899e+00
-5.338871284932015016e+00
1.521414983738098858e-01
-5.347325055290415463e+00
1.536084072082516627e+00
-3.121945214880264885e+00
-1.844850968723238838e+00
-1.223112699286335703e+00
2.345455941353776552e+00
-3.141546998690008530e-01
4.452815960652905858e+00
1.550555365940622599e+00
3.928454798430366601e+00
-2.993908287607249807e+00
3.725386269551788310e+00
-3.675898116957041051e+00
7.557424457460448775e-02
-5.698560620720223291e+00
-3.731322487326303339e+00
1.560474800614237934e+00
2.630462133383740575e+00
8.119250744647443341e+00
3.199363566369554768e+00
-2.924393897790760644e+00
6.606834183863697696e+00
4.002240798621361506e-01
3.434176424765216229e+00
5.976574279119814648e+00
2.520999842321481665e+00
4.484040484073736010e+00
-2.948836880992010023e+00
4.427145794595134021e+00
3.866819517800049733e-01
4.915361898625492110e+00
1.937850169453811056e+00
2.970224508780577644e+00
-2.156923972652628141e+00
-6.224735778391863761e+00
-1.328040566987015225e+00
-3.864686430991690624e+00
-1.054233829379311427e+00
-1.298182007071810196e+00
2.873506523195826112e+00
-2.283821945748522708e+00
-2.260991619021281540e+00
-4.137779260174412777e+00
-5.187096013465307465e+00
-6.024382825977550482e+00
-9.157780474411444382e-01
-1.551214171742623549e+00
-7.189732909902958324e-01
-5.891506965112756067e-01
-5.477059829391737189e-01
-1.025808688332278340e+00
7.120256833466582780e-01
-2.544282818289084869e+00
1.682887625917454111e+00
-1.070424770791449820e+00
-8.382237733977965233e-01
-2.137551926133267055e-01
5.510427513207191375e+00
-8.906526866160711098e-01
-7.709778824115710860e-02
-4.419105761096892016e-01
-1.719987000264388832e-01
-4.581475597685647827e+00
-7.676079944408775724e-01
-8.446903349657578275e+00
-7.751879096906347244e-02
-3.740503311648728069e+00
-5.431184262669748186e+00
-8.433803397429401327e-02
7.662622239691871950e-01
4.633078517035022159e+00
-6.555631084969386624e-01
-4.958545467640664839e-01
6.146088050350051901e+00
9.843501817089596040e-01
2.071427749212745084e+00
1.876755476890138441e+00
6.038204185748834441e+00
1.831636334489533890e+00
1.045736170695324541e+00
2.877278026871334937e+00
-2.571487373867089588e+00
-1.213061546281139630e-01
6.537822491872470998e+00
-1.871790635406714642e+00
-3.283089514175546952e+00
-5.407967438203329813e+00
-6.761694801072067051e-02
-4.934112616726311074e-01
5.497899487572495580e+00
1.149476460393249244e+00
-4.227467565588823861e-01
4.002537393095316531e+00
-4.056713630735882425e+00
-1.827183383940709005e+00
