9.774068762253127929e+00
-7.608584097577663075e-01
2.992184313364298021e+00
-4.041631031170642707e+00
-5.100301311824844142e+00
5.945711240641570861e+00
6.545663872843777931e+00
-9.444875725319403781e-01
1.005394665859659753e+00
3.305417033986394859e+00
5.020802357863712650e+00
-2.184247575689793663e+00
3.840620518151077079e+00
8.869093827712792866e-01
-2.423902317074775326e+00
3.622768121472085934e+00
-1.514414284022578716e+00
-9.168826725964132063e-01
4.454480862093920024e+00
-6.911672214839278183e+00
-1.516848462520230090e+00
-1.654280864725464095e+00
3.989434349548032444e+00
-2.839265272825357567e+00
2.696846094130340266e+00
2.226681227878580527e-01
-1.609847238852120332e+00
-1.585202826278601540e+00
-1.164892567203063223e+00
-6.588729095669793701e+00
-2.946882277864764976e+00
-1.502098656596623671e+00
2.936645570453020326e+00
-3.600057893975079359e+00
-3.585215984000210687e-01
-3.175168747779634426e+00
3.599097380297627602e+00
3.603636794252706999e+00
1.231365376771358378e+00
1.624978618702385344e-02
1.249707240694201360e+00
-1.042709964342574347e+00
4.506427547005960044e+00
2.608899882896277500e+00
8.606465704398626182e-02
9.273693767187274339e-01
-1.509848554624281247e+00
2.223312851146695301e+00
2.542190234339021693e+00
2.866159655794002781e+00
-4.964882041025775905e+00
-5.623215484006789389e-01
-1.994842173129300900e+00
1.500914461651820409e+00
-3.463125485190984509e+00
5.147037538979750693e-01
-3.706977539769213514e+00
-3.562479441059986041e+00
1.686359390008026260e+00
1.338982381810765565e+00
6.674912172208261052e-02
1.130827225957553139e+00
9.735266641228405016e-01
1.587558058446599363e+00
-2.399744740200786985e+00
2.133511401165774313e+00
-8.011210378810804666e-01
3.015315587952790199e+00
-1.029802239444217893e+00
0.000000000000000000e+00
-4.600149998026341613e+00
-8.819752371679320246e-01
-2.487322535229799403e+00
-2.270443809949869163e+00
-1.995105327561479402e-01
1.085865975447691412e+01
2.712740621833923171e+00
-2.995289535664004354e+00
-1.364639938948171816e+00
-1.981644978355547870e+00
-1.839712635360061022e+00
2.895040854725595914e+00
1.702161813660346468e+00
1.310535387692267184e+00
-3.467033328508835499e+00
-8.719622110235392132e-01
-8.504967039907370463e+00
2.505506506493335728e+00
0.000000000000000000e+00
-3.555084801515769333e-01
1.267496480309469709e+00
-9.889606715701109163e-01
-7.806555176905566995e+00
-1.948237523190484266e+00
-4.392902724964145023e+00
-5.523111538006078902e+00
1.608426204918356417e+00
-1.028341732345626980e+00
5.888540940250786448e+00
-1.873001671030644355e-01
-4.007842002078920024e-02
-5.069920132629833986e+00
2.860764989934343028e+00
1.612584044946776984e+00
-2.788331732477204117e+00
3.070064867567531941e+00
-2.416126103603899899e+00
-2.729700924987829014e-01
3.725793081669978246e+00
-6.302680227891738207e-01
-6.643333640346837932e-02
1.490348811199852630e+00
-6.254654544019157214e+00
-3.580584465993868371e+00
-7.687069906974908662e+00
-3.738648175681898778e+00
2.734042973118774866e-01
-2.076538466599123556e+00
8.827383850212496830e-01
-6.895567163589952919e-01
-9.593821133932448619e-01
-1.378679227904896054e+00
-3.813634031131169166e+00
1.527216747148063825e-01
-2.286114656386100119e+00
4.337442928382521101e-01
2.980513414297180308e+00
-1.330127235167958277e+00
-2.389613294561913737e+00
-1.323798371074064728e-01
1.386218602386810606e+00
-4.321903659162379618e+00
4.770200392100104048e-01
-1.718122129971973999e+00
7.978316074788489587e-01
3.807015697161879597e+00
-2.958303180221312889e+00
-3.575663478112129923e+00
-9.571847738845541409e-01
-5.222615491901422047e+00
-6.337153458507125414e-01
3.897053986131761572e-01
-4.435783739687635396e+00
4.755792686938329794e+00
7.116801094722437604e+00
1.594715859001855085e-02
1.568795147432270554e+00
1.228444362574176552e+00
-3.998302653912448434e+00
-2.239246852015105205e+00
-4.426297022407600146e+00
2.356771621426033914e+00
-7.688319890527756106e-01
-2.529558821594452667e+00
1.438310022236549468e+00
1.900619728687780396e+00
5.596505309140669127e-01
3.510532756147945577e+00
-4.333521927343061186e+00
-3.854146655965053014e+00
-6.947855949263825437e+00
-9.944079683162063699e-01
-6.477243720477361855e+00
2.111038012657728391e+00
-3.101538137656083549e-01
1.294680333153511054e+00
3.386797542137603423e-01
3.871462217602399836e+00
-9.173563505743345114e-01
2.146327022012868291e+00
6.155195326377284282e+00
-1.129064091261957059e-01
-3.567466217549768892e+00
2.288430415389271388e+00
3.570347758582123721e+00
-7.092011947211220545e-03
3.862936013999815899e+00
9.883817318193182100e-01
-4.315864264943882200e-01
-2.648820410257759939e+00
-4.175247694109287977e+00
-3.877712135366639945e-01
-1.323101011828791806e+00
5.767016223470744052e+00
-9.210799857896606602e-01
2.369231983789687135e+00
5.234667964895198811e-01
-7.659109748555940067e-01
-2.998552650623018234e+00
6.655767687267272414e+00
2.330337758713701302e+00
-1.149721714187971200e-01
-9.601978921329982208e-01
4.172050367758318723e-01
-9.466454388758042127e-01
9.732371942474441484e-01
2.375942421810239402e+00
-3.763161011039328319e+00
-1.994842173129300900e+00
-1.915580058157129617e+00
4.457954500598676262e+00
-3.825081248930934930e+00
-5.384494940856041190e+00
1.469322772068788474e+00
2.724398363179431737e+00
3.632294311916948626e+00
-1.770660912356416317e+00
-1.850936171892475057e+00
1.385508085419928648e+00
6.153734819278693369e-01
-1.068472783252851999e+00
-3.155379534479809678e+00
-5.381244983618637123e-01
4.924908882777858210e+00
-4.889935658741332070e+00
-5.587913316930040786e+00
8.523045749398034943e+00
-2.590492230365389892e-01
-1.230154866383337042e+00
8.197142142866541192e+00
-1.389665925448349437e+00
-2.548650675649004674e-02
-3.309824870725385226e-01
-6.156471625373350243e+00
-3.828002263128116756e+00
-2.554071656951882208e+00
-2.613834028499625095e+00
-6.505572295101380575e-01
2.747503322324706065e+00
-6.847673056933461844e+00
-4.284680464730727389e-01
-2.919501059196589310e+00
-3.699306588071209489e+00
-1.193484296259259780e+00
1.952934829804870986e+00
-6.477151616426100045e-01
-1.876935829791713362e+00
1.142550755911106330e+00
-1.149721714187971200e-01
-6.182405494664544143e+00
-6.248470414862962174e-01
-2.354719016855041591e+00
2.025552295364534849e+00
-5.411599847370429650e+00
-6.632360100524993030e+00
6.578321337877133246e+00
-2.002868383310746125e+00
-1.967408323574689755e+00
1.212010368284627937e+00
-7.794594807963052929e+00
6.411099853949290273e-01
1.071012223523374773e+00
3.773200352626939313e+00
1.592373784555466409e+00
-1.994842173129300900e+00
-4.028854883488374838e+00
-1.016697148721727312e-01
2.581479191063275280e+00
-5.506230181181826389e+00
-8.989223826002289419e-01
1.624254944013894475e+00
4.624031262746543192e+00
-1.815739266588597411e+00
-5.782687069906975452e-01
2.659978158182129349e+00
-6.868856988723832657e-01
0.000000000000000000e+00
1.359784739674477994e+00
2.025762818910277485e-01
-8.409928816726095491e+00
-3.527243062591281841e+00
9.657767660951829258e-01
-1.847646741490243549e+00
2.019433954816383991e+00
3.372376679254220466e+00
8.651201957868975834e-01
-9.373034565334666945e-01
-4.524361521558926569e+00
-9.673688504098629792e-01
2.333508769621452483e+00
-3.556466362284706584e+00
-3.112248523045749504e+00
1.038144234944277100e-02
1.671951684846252062e-01
-7.132458783437059857e+00
3.378692385626504979e+00
-2.312916935303482635e+00
1.765147827002276237e+00
-6.923329956184787193e-01
4.220076051630899272e+00
-1.113093248773042454e+01
7.906211760371574249e-01
-1.934724543098117033e+00
-1.988815936632412740e+00
-2.542532335100853746e+00
-1.687372534571913496e+00
1.326298338179760838e+00
1.809331456165050422e+00
-2.693767187273851782e+00
1.040473151669057073e+00
-3.741384981776555652e+00
5.745977026618070971e-01
-8.041867870159603582e-01
-4.347377008197260473e+00
-1.521361561032091636e+00
4.527098327653583887e+00
-4.793292193523769562e+00
-3.664254417705030242e+00
5.394994802699964787e+00
-2.367771476691096222e+00
-2.417744503361797914e+00
-2.581729187773845080e+00
-3.198115814265601875e-01
-9.343561268930672403e-01
3.320219470796436756e+00
4.568071472743779893e+00
1.703017065564926824e+00
-5.846765174142445343e-01
4.516098472388521579e+00
-1.305245983605478853e-02
4.179155537427138856e-01
-3.211747213852449434e+00
-2.205497296088209380e-01
6.762147866475440861e-01
2.231115380060788578e+00
-1.357653188773831898e+00
-2.020907619636583608e+00
-8.906067025433875850e-01
-3.120406310443283537e+00
1.985881764713622211e+00
-6.565571505638083671e-01
-5.496375047696741012e-01
3.585571242483651666e+00
-1.654280864725464095e+00
3.569650399336850910e+00
-3.503085485717293057e+00
1.537742924435204772e-01
1.385087038328443043e+00
-3.694635596900040841e+00
1.804660464993881552e+00
1.619215536637675923e+00
1.675977947658583433e+00
1.624794410599860628e+00
-4.532308785410718244e+00
3.344166524124682627e-01
-6.292075104274943875e+00
4.346390179076591309e-01
-5.394784279154221984e+00
3.613676135840317993e+00
3.216457678188445080e+00
-1.485019933948237503e+00
5.778805542032341869e+00
1.348008578834488935e-01
-4.484677833186405671e-01
6.432244312574834311e+00
-8.221010249865132735e+00
-9.561321561558400184e-01
-2.344324416783989840e+00
-8.712780094998749947e-01
5.323653636136366885e+00
4.795094801384192529e+00
1.860330785121248498e+00
-1.924264154419020878e+00
1.887567268851725544e+00
2.160721569453033730e+00
-2.516282680491046087e+00
-2.930343021802344516e+00
-5.842291548795410794e-01
4.384087051486164732e+00
-1.390021183931790416e+00
8.222260233417981734e-01
-1.119419481322614152e+00
-1.333864028104893462e+00
4.208102524966776947e-01
-3.910935382429178375e+00
-2.817712924829936405e+00
-1.735240325785186999e-01
1.383451533532453581e+01
-1.713122195760582001e+00
-3.325982552861146413e+00
-2.685043617847133746e+00
3.663188642254707084e+00
-3.934606123603636707e+00
-4.393810607755161080e+00
4.517032670622755042e+00
-3.975776634517966812e+00
-4.564097840817884055e+00
3.749950658543966253e-01
7.785423876001631438e-01
3.448336206102551316e+00
1.299088169892501421e+00
-1.955461112353784836e+00
5.866383337061354730e+00
-3.913159037381086947e+00
2.002868383310745792e-01
-5.380850251970368259e-01
-6.248470414862962174e-01
5.960118945803344559e+00
-6.279917369508295488e-01
-3.877277930553545193e+00
-7.684490993539558445e+00
6.972276680569992058e-01
4.918382652859830451e+00
5.747727003592057571e+00
-3.860975513480085830e+00
-4.613360350521703568e-01
-2.205549926974645025e+00
2.033867975421375984e+00
8.051394060604465608e+00
4.355192694832962452e+00
-3.863646530966697856e+00
-1.596768463572847629e+00
-6.009789344877041195e-01
-5.741371824054947171e-01
-9.800923672056947034e-01
-1.413599821054986050e+00
0.000000000000000000e+00
-7.499651320377363817e+00
-1.748898040815252353e+00
4.844225733871923012e+00
-9.936316627412796754e-01
-3.318245812555097873e-01
2.309903817055038555e+00
-7.513177458191339753e+00
-5.932816673464822582e-02
-1.564295206642017932e+00
1.227391744845462540e+00
9.928421994447441667e-01
5.379152905882817137e+00
3.114419547111222375e+00
-9.859475533216668364e-01
2.787660688675149157e+00
-1.288943566532019247e+00
5.218220812884040605e+00
0.000000000000000000e+00
-3.115064275470059485e+00
2.723358903172326873e+00
6.843331008802515381e-02
-3.139669214878751724e+00
-1.693082985750187452e+00
-5.015539269220141705e+00
1.379021328666728108e+00
-1.576005578873962198e+00
-5.172958250549334336e-01
1.512190629070670145e+00
1.505098617123458826e+00
-1.969395139537637673e+00
1.994815857686083049e+00
-5.317824765463612380e-01
-1.618136603465743784e-01
6.677017407665688520e-01
-4.976513466928066953e-01
5.061972868778042312e+00
3.266930698280285927e+00
-2.826423336535045738e+00
-1.546913856396626263e+00
-1.111818265549137585e+01
5.537663978105551443e+00
-1.515532690359337353e+00
-3.490664596518466833e+00
4.279680530519335280e-01
3.767029381192352755e+00
2.656149261193931910e-01
-3.843594163234694161e+00
2.105235457428191737e-01
-2.995579005539400708e+00
6.152945355982158304e+00
4.058999223694424785e+00
-9.383323903632847518e+00
-4.900698675017434169e+00
-4.453888764621518170e+00
-3.205234141656030822e+00
-2.969079354219023248e+00
-5.349403297325034945e-01
-2.292601413139300881e+00
4.134590334337706174e+00
-9.689346192813252934e-02
1.405363087327798244e+00
-2.655122958908435304e+00
-9.948421731293008996e-01
-3.845094143498112071e+00
-1.826818068183313271e+00
-2.769134616649780778e+00
-2.161155774266128038e-01
2.513585347561216210e+00
-9.667109643294167221e-01
3.908343311272219900e+00
-4.389679083169958362e-01
-2.911251167747792579e+00
-1.943369166195181741e+00
-2.052986144919145772e+00
-3.392902724964145023e+00
1.225904922303653999e+00
-2.507545953342719347e+00
9.841304719674740298e+00
-1.262851804581518689e+00
2.700188155419007696e+00
-4.677925290456704133e+00
-2.887962000499993298e+00
1.554019026065446507e+00
-4.961645241509979876e-01
-2.427073327982526507e+00
-3.662372863514953725e+00
-1.268075420060262415e+00
1.737779766055709718e+00
-1.980026578597650078e+00
-4.376126629912764354e-01
-3.679333166668859789e+00
4.627754897961868785e+00
2.261746555966368977e+00
-4.184339679741055917e+00
0.000000000000000000e+00
-1.609610399863159680e+00
-1.426875962158392630e+00
-6.100840778410809850e-01
-1.595031644320469510e+00
-4.571387218589229029e-01
1.605860449204615792e+00
-4.991052749305930014e+00
-2.137629768029368105e+00
-5.100472362205760390e+00
6.351061170247759513e+00
2.881501559190010830e+00
1.943263904422310340e+00
2.876251628268049032e+00
5.205168353047985974e+00
6.833725872027999193e-01
1.223216799778950303e+01
-3.910382758121603519e+00
3.499151326956224217e+00
-9.664478098972382192e-01
-2.633781134458756945e+00
1.025104932829831172e+00
2.912211681425244336e+00
5.719530006184129212e-01
-4.851515111643267986e+00
-8.516730043025749763e-01
7.004118366863594236e-01
1.758766332021947099e+00
-1.992881672609570831e+00
-2.537769239878422844e+00
-5.093354034815331111e-02
-2.218562913645873103e+00
5.878738437652135662e-01
9.665004407836739198e-01
-3.213141932342995499e+00
-3.444691517216878773e-02
-5.514427441744187419e+00
-1.480467362271548959e+00
-1.500282891014592002e+00
-2.851778266075446489e+00
-4.685201510506440958e-01
-2.051933527190431761e+00
2.811410376179260817e-01
3.143116537940290112e+00
5.521901027618057789e+00
-8.551729582505492866e-01
2.916764253101932880e+00
-7.313114301127616734e+00
-3.558953171668793658e+00
1.832278522651017649e+00
-1.471191168537256067e+00
-4.678385810713017179e+00
-2.246457283456796628e+00
-2.432731148274364763e+00
4.737174510861699162e-01
-1.546913856396626263e+00
3.282430494335600635e+00
1.896580308153840155e+00
-4.118261601821028961e+00
-2.698332916672149029e+00
-1.057393981658136140e+00
-4.205207826212812861e-01
1.890856699253957274e+00
3.647530953540084830e+00
-1.489230404863093993e+00
-1.446757279509480076e+00
1.980013420876041152e+00
-4.359297903974947985e+00
-1.934803489427770584e+00
9.996184260733411708e-01
-6.570426704911777271e+00
2.312324837831081226e+00
1.122722069446454585e+00
-9.199392113261668058e+00
-5.688806726227286781e+00
-1.529150932224575987e+00
-6.020315522164182420e-01
-1.643938895540848044e+00
-3.675688477783186858e+00
4.102196023736529362e+00
5.232167997789503033e-01
-4.471296430310127690e+00
2.635057433454822906e+00
-4.559716319522111760e+00
-5.766766226760173808e-01
-1.385942290233023177e+00
-3.014907698582913298e+00
1.939882369968816134e+00
0.000000000000000000e+00
2.290496177681872414e+00
7.478980539729740418e-01
-2.810028815410323677e+00
-1.944079683162063699e+00
3.489559347903317121e-01
1.843620478677912233e+00
3.732819305009144717e+00
0.000000000000000000e+00
-4.969355666372810454e+00
-2.016368205681504211e+00
5.373389823818107480e+00
1.212780094998750080e+01
-3.369824081262088544e+00
3.461401823660215094e-01
-1.608807778845015246e+00
6.854251917737924638e-01
-2.218681333140353207e+00
1.946316495835581195e+00
4.723095748740148148e-01
-2.880856830831173276e+00
-1.309995921106301253e+00
8.605676241102090396e-01
-4.021644452046683860e+00
-7.079117380034473106e-01
2.440757358455809989e+00
-7.580163418902383099e-02
2.813765608347258418e+00
4.982368653044038531e+00
-2.755476901619715591e+00
-5.277167405692030355e-01
-1.031670635912685263e+00
5.622360232102209032e+00
7.323719424744411510e-01
-3.796844778358179351e+00
1.366166234654807299e-01
-5.804660464993881552e-01
-3.825081248930934930e+00
-5.335916632675886007e+00
-7.886277812134050436e+00
2.291088275154274267e+00
6.551611163011012984e+00
-1.069985921237878446e-01
-7.546242812594571525e+00
-7.347021749713819716e+00
6.536624518098445691e+00
-1.387613320877356948e-01
4.374416126103604086e-01
5.119432639044223521e+00
-5.283877843712582179e-01
1.491717214247181067e+00
-6.022815489269878197e-01
1.626412810357758421e+00
-5.949934869278036054e+00
5.222957592663254323e-01
5.301574979276588273e+00
-4.951592742200760178e+00
-1.264457046617807612e-02
-1.777331877212142031e+00
-7.659109748555940067e-01
-1.401442086288338329e+00
-3.956803199957895423e+00
6.182273917448454448e+00
-3.578097656609781296e+00
1.396692148787515853e-01
-2.757213720872093710e+00
-2.572821410244602092e+00
6.462414968224102774e-01
-1.512743253378245001e+00
-1.747292798778963485e+00
-3.234957434770595164e+00
-1.281351561163668995e+00
-2.811015644530992841e+00
2.369981973921395646e+00
6.889817239246852409e+00
2.408770937224510078e+00
1.457875554269022836e-02
-2.476704253891396146e+00
1.953171668793831639e+00
-5.027065433349561019e+00
1.922566808331469312e+00
3.374745069143826992e+00
1.000736832410099808e+00
-1.017012934040341543e+00
6.013605084143629931e+00
-9.329087775160853635e-01
2.463112327469375362e+00
-1.949974342442862552e-01
-3.939448165155721604e+00
5.686767279377903384e-01
-2.470756963724161648e-01
3.280088419889212181e-01
3.470191181694977534e+00
8.591992210628807483e-03
3.246904645991500082e+00
-4.917922132603518293e+00
-3.734450862488651435e+00
-2.787871212220891959e+00
-4.852844041525769647e+00
-5.567255694004026090e+00
-3.807384113366929501e+00
-2.420323416797147242e+00
-2.530058815015591822e+00
2.911145905974921178e-01
5.944658622912856183e-01
1.914566913593242159e+00
3.988763305745977039e-01
8.564071525374666649e+00
-6.501756555834791174e-01
-2.852659833423244251e+00
3.163234694280338211e+00
6.631623268114893444e-01
3.524822041815239282e-01
5.040854725595715902e-01
1.661728135156116393e+00
3.651662478125287770e+00
9.665004407836739198e-01
-1.281693661925500938e-01
-4.039341587610689288e+00
8.844225733871923234e-01
9.637504769674083427e-01
-1.083525216773463473e+00
-8.250549334877173013e-01
2.366547808581465961e+00
-9.512374837173195319e-01
-3.274496388205418551e+00
5.560453151932211180e-02
1.286417283983105397e+00
1.347390165918869398e+00
1.515887948842778332e+00
4.390139603426270298e+00
2.791897475033223053e+00
1.179242378389758095e+01
9.807897264509677360e-01
5.461243931000907548e-01
2.086222549703293350e+00
-9.971710898540808721e-01
-2.590834331127222168e+00
-7.124906251233535937e-01
-2.074130603544690032e+00
3.296364521519453472e+00
-9.717503717056354962e-01
-1.040249470401705345e+00
-1.000236838988960653e+00
1.452072999039486279e+00
-1.231286430441704605e+00
-2.500927619373429334e+00
2.846554650596702540e+00
3.643202063130748236e+00
5.334666649123037674e-01
-3.518901067091222412e-01
2.100801305245983741e+00
-4.702148655938737321e+00
1.444349416455046553e+00
-1.779766055709793182e+00
1.492019841844186345e+00
0.000000000000000000e+00
-2.187168589886975045e+00
-2.839331061433401970e+00
2.457730819331324645e-01
-3.090090919856317564e-01
8.052262470230654445e-01
-1.333561400507887962e+00
-6.412415626110182787e-01
-1.886698859225536484e+00
-4.931908790673806831e-01
1.958974224023368071e+00
4.110735385060723113e-01
2.280798936856093917e+00
-1.773502980223944370e+00
-1.108288048841462592e+00
-4.061420244470467900e+00
-2.546203339429744528e+00
-2.678530545650715133e+00
3.382600228944355969e+00
5.608097261878133288e+00
2.906251233536401024e+00
1.379047644109945958e+00
-2.109195931632478427e+00
1.605202563124169313e+00
3.516414257707135338e+00
-4.476270049078301838e+00
-4.508966987276482818e+00
4.435783739687635396e+00
-9.992105367034643804e-01
-7.391231694319811751e+00
-6.340245523085222601e+00
3.143734950855909815e+00
-3.632991671162221436e+00
-8.817647136221892223e-01
-2.592044841515243281e+00
3.768660938671859473e+00
-6.359705793344824443e+00
-8.171879317377403140e+00
-1.994842173129300900e+00
-1.165155721635241726e+00
1.097603978895014487e+00
2.655215062959698002e+00
3.638110024868093650e-02
-1.606702543387587001e+00
1.221076038473178027e+00
1.098406599913159143e+00
-5.676175313482717755e+00
4.161800502624965148e+00
-3.518295811897211856e+00
-6.217983973895080396e+00
-9.966316232681149412e-01
2.767858317653715261e+00
1.809226194392179021e+00
3.142063920211576322e-01
2.188418573439823156e+00
-2.393652715095853978e+00
-9.391455375587163257e-01
-3.710477493717188185e-02
1.864988618570808221e+00
1.669346455967684717e+00
1.616162945224405012e-01
-9.430796963197852767e-01
-8.527124643096801737e-01
6.097735556111103961e+00
-3.856015052433520829e+00
3.732714043236273205e-01
8.455704530203549396e+00
-6.692451415112959268e+00
-5.748358574229286866e+00
7.265601768397783822e+00
4.486519914211655191e+00
5.405718345811239445e+00
-5.797884238365284659e+00
1.040420520782621372e+00
-3.513111669583294794e-01
-5.554242707332798012e+00
1.655504532835094245e-01
-1.935040328416731459e+00
-2.854620333942974320e+00
-5.746766489914606479e-01
1.652570360916303827e+00
1.219076064788621183e+00
-6.201957868975408239e+00
9.513164300469730827e-01
-1.893054038762647773e+00
4.651886159392639719e+00
9.797239510006446883e-01
6.643202063130748680e-01
-1.778042394179023988e+00
-1.950671701688135640e+00
1.934040341574452926e+00
-3.817844502046025656e+00
-2.804068367521479921e+00
-1.997552663780739701e+00
-5.175392429046985932e+00
-3.521651030907487989e+00
6.692793515874790877e+00
1.971224062841278490e+00
9.141063933369297789e-01
2.771371429323298496e+00
-1.687319903685477795e+00
2.698267128064104625e+00
4.258246602018394888e+00
3.463112327469375362e-02
-5.959184747569111096e+00
8.204720990513282075e+00
-2.172984565992552852e+00
-6.315324798357916158e+00
3.762384705464401957e+00
-2.854094025078617314e+00
2.570360916303732868e+00
-3.117143195484270102e+00
2.074249023039170581e+00
4.821673399034223095e+00
1.179300272364837365e+00
5.967513585347560934e+00
9.331653530874593372e+00
-4.376258207128853606e-01
-1.928764095209273499e+00
-3.787581742345495495e-01
-2.656793989552769020e+00
0.000000000000000000e+00
-2.999315798476335893e+00
-2.600097367139905913e+00
1.559058433441665281e+00
-4.607834107445954452e-01
-6.258878172655623295e+00
3.826133866659648941e-01
1.029525927290430465e+00
0.000000000000000000e+00
-7.368981987079117335e-01
1.000921040512624760e+00
4.413994552703253582e+00
-4.175866107024907570e-01
-3.497690819857633304e+00
2.971895106643333673e+00
-2.588558045288877896e+00
-5.903869685925184907e-01
3.438099498690806666e+00
6.412323522058920311e+00
-1.580242365232036317e-01
1.722872067472796531e-01
-9.160800515782686615e-01
1.895869791186957976e+00
-7.044841515243220442e+00
-5.825357561084722136e+00
-9.664478098972382192e-01
-1.397350034867962318e-02
-2.912330100919724996e-01
-2.043157326877278024e+00
-2.648530940382363585e+00
1.379034486388337033e+00
-4.211931421954973942e+00
-2.985539663951790157e+00
-3.081538400810515554e+00
-3.964421520769463303e-01
-1.994842173129300900e+00
8.154629544348100945e-01
4.749200668412258075e+00
1.092196155313745809e+00
-3.781752871672741101e+00
1.589900132892988260e+00
4.457441349455928403e-01
-1.755397955290062040e+00
0.000000000000000000e+00
-3.578650280917356152e+00
2.584176523993105268e-01
-1.619570795121116902e+00
-5.182326548334890148e+00
6.608202523651004467e-01
1.022354969013565679e-01
1.524848357258457021e-01
2.997684240996829175e+00
-5.199405270983276095e-01
-8.673043775739792682e-01
-5.263457059775529245e+00
-2.361942606018341717e+00
-5.147182273917448647e+00
9.343824423362850906e-01
6.353258509756450678e+00
-4.561650504598623868e-01
1.988921198405284141e+00
-5.580716043209958066e+00
-7.422560229470664517e+00
-2.266943856001894630e+00
-1.898764489940921729e+00
-1.139853422981276510e-01
-1.184958092656675621e+00
-3.839396850041446818e+00
2.091985631768003007e+00
-5.317851080906829786e+00
3.639373166142550797e+00
1.019499743424428617e+00
-2.895238220549729569e+00
1.573492454046657274e+00
1.036688990934329802e+01
-2.315864264943882311e+00
-5.740319206326232049e-01
-9.223431270641175850e-01
-8.714359021591820964e-01
-7.140471835896896380e+00
-2.934869278035815210e+00
-2.955579531848265162e+00
-5.993236931093012032e+00
-4.394547440165261221e-01
2.290706701227615216e+00
-4.929843028381205805e+00
-1.675885843607320957e+00
-9.940790252759832413e-01
1.246220444467835975e+00
1.426625965447823052e+00
-1.970474072709569535e+00
2.918908961724187567e-01
4.014249812502467485e+00
7.878843699425007452e-02
3.228681201563137204e+00
-9.316785305456507515e+00
-1.988473835870580686e+00
1.831081169984605461e+00
-1.591386955434796802e+00
-2.876041104722306230e+00
2.421889185668609557e+00
1.564729411455112462e+00
3.650846699385534411e+00
1.281404192050104696e+00
5.346508598571071413e-01
-3.810384073893764434e+00
-5.761134721911553846e+00
-3.374824015473480432e-01
2.092288259365008507e+00
4.491427744371784492e+00
6.436888988302785775e-01
-1.866659649215141936e+00
3.314074814805068492e+00
8.929882501546032580e-01
1.592768516203734164e+00
-7.345429665399139108e-01
3.671925369403034045e-01
4.029670662228128641e+00
1.410665649136195521e+00
4.606939382376547876e+00
2.686846225707556268e+00
4.671622741806029211e+00
-2.820252365100459180e+00
1.547532269312245967e+00
-1.793344824410205041e+00
2.892330364074156890e+00
4.862936013999815899e+00
9.368166208339363532e-01
-2.381008144629675805e+00
1.299061854449283571e+00
-4.116445836238996847e+00
-1.938263970210918341e+00
-3.778858172918777569e+00
3.488033052196681805e+00
-1.335824528624623309e+00
3.406981487085696259e+00
8.317390560650518294e-01
-6.581623926000973235e+00
-4.828883830475914560e-03
-3.817226089130406397e+00
-1.279588426468072915e-01
2.710556440046841598e+00
-1.720122103656530843e+00
-3.789292246154655763e-01
-1.448046736227154963e+00
-1.828673306930171938e+00
-5.185813344561255533e+00
-2.461967605689398653e+00
-1.545427033854817722e+00
3.925711503796002866e+00
1.051937474506914327e+01
-1.440125787818581360e+00
-3.545611241957342674e-01
-3.471006960434731142e-02
2.208970934592966007e+00
-3.725398350021710048e+00
-8.898435546900698156e-01
-1.196422415494532920e+01
2.118985276509519622e+00
9.202773647715161154e-01
6.409297246088867084e+00
-6.714122182602860756e-01
-4.812989302772331612e+00
-4.720016841883658998e+00
-1.205001249983552825e+01
-1.430704859146590069e+00
4.217049775660846461e-02
7.426481230510124654e-01
-2.360561045249404799e+00
-4.550466441231036385e-01
-1.083591005381508099e+00
-5.551242746805962885e-02
-1.469309614347179549e+00
-4.648859883422586492e+00
-1.573558242654701900e+00
-4.520124735200852228e+00
-1.986394915856370291e+00
3.888751463796528807e+00
1.176826620702359216e+00
-2.618912909040670645e+00
-8.088840936303469675e-01
4.295246115182695057e+00
1.082248917777397734e+00
2.303890738279759542e+00
-3.918540545519137996e+00
0.000000000000000000e+00
7.371850370389863016e+00
2.847067801739450843e+00
-3.012776147682267425e+00
2.971184589676451715e+00
1.027354903224957511e-01
-2.341258667649110059e+00
2.814962961013670606e-01
3.135629794344811039e+00
-6.565703082854173166e-03
-1.037016618202392060e+01
-1.932027210168287157e+00
-1.729371981947605885e+00
8.709201194721122974e+00
8.074367442533650907e-01
6.525137827133853818e+00
1.414797173721398460e+00
2.086814647175695203e+00
5.707503848633570520e+00
4.207839370534598444e-01
8.893961921553663608e-01
1.441441559979473874e+00
-2.250246707280167513e+00
4.750990118551071895e+00
1.850607228852251929e+00
2.956040052104577764e+00
-4.387218589229089361e+00
-9.587505427560163440e-01
-2.539440270522756116e+00
-5.816949776976618303e+00
-3.495717161616294533e+00
-1.960947882264707065e+00
1.846830962750490190e+00
-5.383244957303193523e+00
-2.566900435520585333e+00
-5.965184668622781627e-01
-3.051025644399415704e+00
9.361982079183168715e-01
-2.780147629636452233e+00
6.258259759740003147e+00
-8.253312456415047293e+00
3.594952697990815849e-01
2.398350021710240476e+00
1.815620847094117085e+00
-8.519361587347534792e-01
1.107143327061486104e+00
-2.592413257720293185e+00
-2.746437546874383351e+00
1.761279456849252023e+00
-4.924277312140629692e-01
7.028552255891369782e+00
-5.287812002473651241e+00
3.676477941079722811e+00
9.457849238825804861e+00
3.157853186142287744e-03
3.547453322982592194e-01
-3.650044078367389755e+00
-3.460928145682293788e+00
5.106419652372995444e+00
-1.947263851791423805e+00
8.047473059565005471e+00
1.399165800449994057e+00
8.002526282548914072e-01
1.156695306640702192e+00
1.961487348850672996e+00
-6.083722582597597572e+00
-6.261904448625675634e+00
4.661543927053591219e+00
-4.662254444020473620e+00
-5.052972987197536625e+00
-3.660228154892698704e+00
-6.095182958118972039e-01
3.535414007710425022e+00
-5.673333245615189036e+00
-6.069946448073051393e+00
4.191392218523440349e-01
-2.213918237917922305e+00
-1.212076156892672563e+00
2.030670649070406952e+00
1.926435178484493527e+00
3.841423139169221290e+00
-9.915527427270693916e-01
-6.034065341245510083e+00
-3.811660372889830173e-01
-5.717293193510611715e+00
-3.095919790529071847e+00
-1.359087380429204961e+00
-8.918830015394534350e-01
1.957000565782029078e+00
2.887659372902988242e+00
-5.672556940040263118e-01
-5.778581860764989919e+00
-3.151366429389086843e+00
-2.815976105577558286e+00
1.072749042775753003e-01
-6.427415428744358561e-01
-1.238957382139708630e+00
-1.947829633820607587e+00
1.625965447823054966e+00
-6.248470414862962174e-01
-2.805015723477322531e+00
-6.855041381034460146e-01
1.623202326285180463e+00
-4.854804542045499383e-01
-4.228523308903830547e+00
0.000000000000000000e+00
-3.425731240378416143e+00
3.775160853146668938e+00
-1.609268299101327626e+00
-2.476941092880356743e-01
5.972289838291601483e-02
1.643373113511664263e+00
1.494572439836318045e+00
3.646530966697806853e-01
-2.310443283641004708e+00
1.940500782884435838e+00
4.384192313259036133e+00
-9.965263614952434290e-01
-2.467191221168142601e+00
-9.205405192036947293e-01
3.321666820173418966e-01
1.239891580373942537e+00
-2.753871659583426723e+00
-3.824910198550019125e+00
2.784739674477967331e+00
-3.561795239536321572e-02
2.991408007789371215e+00
-2.707819633952184724e+00
6.421231299588163743e-01
3.792200102630228553e+00
-8.342679701582873975e+00
-1.831502217076091066e+00
2.913672188523835249e+00
-1.753147984894935618e+00
9.745266509651189235e-01
-4.845067828054894221e+00
-1.952908514361653136e+00
8.950671701688135418e-01
1.037367929369350295e+00
-2.542927066749121501e+00
-5.134537703451270474e+00
5.035065328087788838e-01
2.127208852515098392e-01
-3.446270443809949846e+00
-3.506190708016999835e+00
-3.669662241286298698e+00
1.116024789147511243e+00
9.964342574439809530e-01
-4.835989000144734762e-01
3.984092314574808391e+00
5.461322877330561099e+00
2.469612241944184827e+00
5.136511361692609468e-01
2.358508440678412033e+00
-2.603899948684885945e+00
1.240878409494611923e+00
-2.493796134261391462e+00
2.256378205549927074e+00
1.958592650096709242e+00
1.006630175918737891e+01
-1.222220760253154515e+00
4.720990513282719708e-02
-1.191958000552624242e-01
7.850409863028118274e+00
-7.557466349126984895e+00
-4.124708885409402725e+00
1.698346074393757954e+00
-3.227194379021328663e-01
-1.975684530466704336e+00
1.122577334508756408e+00
-1.699398692122471966e+00
1.928343048117787895e+00
-5.279851580900251307e+00
7.064380731832475835e-01
6.328995671109590937e+00
3.008644623097064263e-01
1.220681306824910273e+00
1.529979868685938271e+00
-2.335337692925093300e+00
5.672951671688530872e-01
-2.475756897935553535e+00
1.933790344863883348e+00
1.268154366389915966e+00
8.743266535966631281e+00
1.274838488967250383e+00
-1.965684662043920561e+00
1.348640149471717509e+00
5.091419849738819003e+00
4.817541874449020156e+00
2.022341811291956670e+00
-6.557361087354113494e+00
1.411086696227681125e+00
1.461217615557689919e+00
-4.175497690819857333e+00
3.830646965171510931e+00
1.017091880369995066e-01
-7.675885843607320957e+00
-4.486783068643833694e+00
-7.760687359376849948e-01
2.859028170681964909e+00
5.132261417612926202e+00
3.517532664043894197e+00
5.011263009697240811e+00
-2.356942671806949996e-01
1.508269628031210230e-01
-1.240115261641294264e+00
-1.233273246404652523e-01
2.011486690964592761e+00
-4.895067170168813653e-01
5.221023407586741882e+00
6.666491230378547295e-01
2.796450046709911597e+00
1.517756345311245925e+00
-6.827804897303982878e-01
-1.312245891501427675e+00
1.938856067683319973e+00
-3.668149103301272529e+00
2.342482335758739875e+00
-3.778792384310732722e+00
9.787108064367574523e-01
-5.764397836870567282e-01
-1.552071683267325364e+00
1.275395060591307939e+01
-3.519914211655109870e+00
-3.376823989158037609e+00
-2.485177826607544826e+00
1.808647254641386315e+00
0.000000000000000000e+00
8.105156511098537964e-02
-1.194536913987973792e+00
4.448612518256338966e+00
-1.727043065222825913e+00
1.048986197550032307e+00
6.355179537111353694e-02
4.743503374955592378e+00
-1.663083380481835682e+00
-1.046880962092604062e+00
-6.734121919448428362e-02
-2.254891383008118311e+00
-4.557953184826515347e+00
2.943974421389192297e+00
-1.781976552940092828e+00
3.155774266128077432e+00
-1.807160432099577552e+00
1.950474335864001763e+00
-3.349245404665728287e+00
7.023197063196536805e-01
1.333298246075709459e+00
9.942632333785081933e-01
-1.912001157879501534e+00
-2.527558847909896045e+00
-3.256536098209233954e-01
-5.083972579308166928e+00
-8.231602215760318586e-01
5.849817765555716420e+00
3.088183050223023418e+00
8.094498756595307487e-01
-7.423428639096854020e+00
1.991921158932119296e+00
-5.935369271456954365e+00
-4.423639162642596823e+00
5.601899975000328435e-01
1.730279864738621942e+00
4.062788647517796115e+00
7.428191734319284922e-01
-2.013131406165708306e-03
1.035196905303877646e+00
8.459888685675188702e-01
1.809673556926882476e+00
-5.522558913698504268e-01
1.207832791673793693e+01
-2.817199773687188435e-01
3.265601768397784266e+00
3.764029420665517822e-01
-1.765200457888711938e+00
3.954040078420020699e+00
-3.491006697280298887e+00
-7.583584426520704191e-01
-4.117051091433007737e-01
-5.500717095827686309e-01
-8.768831989052775500e-01
-4.722043131011433914e+00
-1.117261614978750206e+00
-4.450375652951934491e+00
1.387192273785871288e+00
-3.080433152195365842e+00
6.108853830870646817e+00
-4.536848199365797640e+00
3.088538308706464175e+00
3.546308601202615929e+00
-2.302601281562084878e+00
-5.216905040723148756e-01
1.993329035144274508e+00
1.075347692793515897e+01
-8.254496651359850556e-01
-1.308140682359442697e-01
-2.520137892922461376e+00
-2.732187734371916310e+00
3.131208799884212191e+00
-7.857659767634636028e-01
-7.205957816344521483e-01
3.552190102761805801e-01
-1.096946092814568230e+00
3.698859225536506035e+00
-2.374995065854396792e+00
-1.946829646978329276e+00
1.267667530690385735e+00
3.535611373534559010e-01
5.464901777608189626e+00
1.384955461112353792e+00
-4.947605952553256081e+00
-1.900672359574216097e+00
-7.993697451349324190e+00
-3.797318456336101072e-02
-5.953947974368758445e+00
4.538624491783002646e-01
8.808173576663465010e-01
1.709016986618597134e+00
3.117077406876225254e+00
6.638070551703266486e-02
-1.764871514848488809e+00
1.192271154326916793e+01
3.351574321390507816e+00
-6.514414284022578272e+00
-2.524795726372021321e+00
1.359521585242299491e+00
-2.702569703030223369e+00
4.724543098117130135e+00
1.467138590281706900e+00
3.870606965697819812e-01
-1.580110788015947065e+00
2.491585637031091593e+00
-1.058359758424231245e+01
8.968210944592835077e+00
-3.833475875317430059e+00
-7.269588558045288806e+00
6.547808581466033617e-01
-6.240128419362902967e+00
-2.182523914159024248e+00
3.448073051670372813e+00
-3.828765410981434414e+00
3.174116130050920415e+00
-2.281785765976763525e+00
1.328614097182931886e+00
-9.550400652622992315e-01
-5.413244562571545515e+00
-1.957066354390073926e+00
-1.594386915961632178e+00
-7.060433415349798292e-02
-7.659109748555940067e-01
9.539874475335851089e-01
-1.106301232878514756e-01
-3.075222694438231041e+00
2.127485164668886153e+00
-5.051091433007460552e+00
-1.859870264864935896e+00
3.835502164445204532e+00
1.347298061867606922e+00
1.133274562176813521e-01
5.941632346942803400e-01
3.706069656978197457e+00
5.370981960763673846e-02
2.882685754134814093e+00
4.000473677977921527e-01
-2.329956184787042250e+00
2.549690135656109913e+00
9.834212707727529867e-01
3.556097946079656680e+00
-1.894343495480322659e+00
1.002039446849383619e+00
-2.843252062472862107e+00
3.239233694293496058e+00
1.228260154471651600e+00
-4.515006381494980126e+00
-3.106630175918737802e+00
-5.140721832607465791e-02
1.374126656228207510e+00
2.885027828581202769e+00
-8.039552111156432090e+00
-2.310061709714345657e+00
3.110998539492901394e+00
-3.284825199668425455e+00
5.079117380034473328e+00
1.133116669517506336e+00
2.297996078998960634e-01
2.478020026052288660e+00
6.766029394350074000e+00
-2.925448349363824363e+00
5.644267838581071839e-01
-2.885501506559124074e+00
-1.162879435796897454e-01
0.000000000000000000e+00
-4.214720858936066961e+00
-2.576097682925224674e+00
-4.107945948079630760e+00
-8.228391731687741739e+00
1.684885725187826422e+00
-3.665885975184536960e+00
-1.618307653846659866e+00
-4.643702056551887836e+00
3.348153313772187278e+00
1.978802910488019817e+00
-5.344048104630202189e+00
0.000000000000000000e+00
-2.898856593992184205e+00
-2.853633504822305156e+00
-9.017986605439402226e+00
-1.270772752990092291e+00
3.571531953526927428e+00
8.022907593321139785e+00
-1.954619018170813627e+00
-1.807305167037275728e+00
1.103485480454204470e+00
3.385718608965671450e+00
3.147563847844107254e+00
-9.418297127669372770e-01
2.046065183352850703e+00
-1.015684004157840103e+00
-1.056012420889198822e+01
-5.897251351955895338e+00
2.823147063854423156e+00
-4.192536940303416948e+00
-3.930829857501874969e+00
1.914487967263588608e+00
-4.338508703832844482e+00
-4.312745884922566830e+00
-4.348271733266667383e+00
1.505072301680240976e+00
-4.632320627360166476e+00
1.411453796660570248e+01
2.657741345508611630e+00
-3.997486875172695076e+00
-1.962974171392481759e+00
-1.474006920961566269e+00
1.167945158616334078e+00
3.011328798305285659e+00
-5.534137708714359505e-01
2.500256575571373929e+00
-1.911356429520664202e+00
2.824897040828409978e+00
-2.572242470493809385e+00
-4.631425902290759566e+00
5.911330114077446574e+00
-1.982842331021960280e+00
-2.400297364508361841e+00
5.822818120814199361e-01
1.547532269312245967e+00
-3.223904948619097155e+00
5.805976237154774289e+00
7.051104590729069699e+00
1.415718214234023220e+00
-4.945632294311916866e+00
1.357468980671306946e+00
-5.467296482941014224e-01
2.862699175010855246e+00
-1.493269825397034234e+00
5.026907540690254139e-01
-5.141037617926079939e+00
6.901738135024539034e+00
3.980947619110275060e+00
-8.922645754661122641e-01
5.932816673464822582e-02
-8.571729319351061305e-01
-2.698767121485243781e+00
-2.476480572624044640e+00
6.264522835225851960e-01
6.865935974526650831e+00
-1.965882027868054438e+00
-1.407507795950053264e+00
-1.524624675991105294e+00
-4.829160142629702612e+00
-2.947040170524072078e+00
7.110498546071761794e+00
2.151261167616215442e+00
-3.413731398271075523e+00
-1.394113235352166358e+00
-2.350890119866843875e-01
4.999763161011038903e+00
-8.656333469296456640e-01
5.875317430033815125e-01
5.967092538256075329e+00
-3.572071420112893136e+00
-4.050736174524019795e+00
-1.967987263325482461e+00
-3.570426704911777271e+00
-1.945448086209391914e+00
0.000000000000000000e+00
1.746569124090472602e+00
1.195247430954855805e-01
-6.673333245615189480e-01
-2.134182444967829273e-01
9.487243588900146074e-01
-3.455691372481941137e+00
2.303956526887803946e+00
-1.366297811870896550e-01
6.247417797134248163e-01
-1.571518795805318280e+00
-1.982842331021960280e+00
-2.639399481585768648e+00
4.862580755516375142e+00
-1.447217799765792456e+00
8.727253588768568715e-01
-1.947763845212562961e+00
2.855015065591242074e+00
1.135998210549861165e+00
-1.542558650544071819e+00
-5.106367021486559743e+00
2.837370560913672346e+00
9.599347377008197180e-01
-1.068775410849857277e+00
1.481954184813357722e-01
-1.724161524190471084e+00
-4.625728608834094313e-01
1.391788265943869085e+01
1.636425836502151343e+00
-2.167392534308759000e+00
2.043394165866238676e+00
-2.084972566150445239e+00
-9.994736911356429943e-01
-3.572979302903909193e+00
1.423231273272720143e+00
-1.931698267128064028e+00
-1.389073827975947584e+00
-3.262496546098077488e+00
-3.013789292246154439e+00
-3.097880291048801915e+00
1.564900461836028489e+00
-1.881435770581965983e+00
-1.091880369995131606e+00
-1.245009934079814640e+00
1.951171695109274795e+00
5.042696806620965866e+00
-7.000828936461361840e-01
9.278430546966487391e-01
2.457915027433849708e+00
5.915645846765174021e+00
-6.789581716030052227e+00
2.933185089669872792e+00
5.064538624491783381e-01
-2.068749095406639427e+00
-6.321324719411586912e+00
2.930764068893830565e+00
-4.433652188786989967e+00
-1.202523651004592020e+00
-2.527808844620465401e+00
-2.009999868422783997e+00
-8.488125156247944503e+00
4.260772884567308516e+00
2.101340771831949450e+00
3.419955000592097338e+00
7.714648491467217539e+00
-4.165366245180984528e+00
-3.066249128300943205e+00
-3.950737490296180265e+00
-9.090143550742753042e-01
-3.359390008026210239e+00
-4.928632517993184692e+00
-2.465033354824278433e+00
-9.730529861449191964e-01
9.576308206470967477e+00
2.677727924632570811e-01
-1.022710227497006574e+00
-2.403402586808068175e+00
-3.604255207168326702e+00
-1.933895606636754749e+00
-1.626649649346719073e+00
5.828212786673859780e-01
1.142406020973408154e+00
4.388626465441244351e-01
-3.850462493914553974e+00
-2.752463783371271511e+00
-4.776108209102511992e+00
-4.500440783673899325e+00
6.358205813081406754e-01
8.301377613452453730e+00
-2.907961737345561293e+00
0.000000000000000000e+00
1.238141603399955243e-01
5.843081012091946302e-01
7.482046288864620642e+00
-1.803857843975737119e+00
4.559742634965329167e+00
6.188247523058906907e+00
3.804160471572742286e-01
-2.454454546650702174e+00
-2.105577558190023790e+00
-6.236760042631017686e-03
-4.590334337706082901e-01
1.845712556413731331e+00
-1.272391152747990084e+00
1.482783121274720006e+00
-6.678859488690938040e-01
-3.113906395968474294e-01
8.901067091222484295e-01
-4.972302996013210574e+00
-1.322561545242825654e+00
-1.460507098590807962e+00
-4.974934540334995381e-01
-3.833067985947553158e+00
-1.921079985789660771e+00
1.296298732911409068e+00
-1.020486572545098003e+00
1.731556163734687681e-02
4.524677306877540883e-01
-1.836725832554834792e+00
-7.450401968395152785e+00
0.000000000000000000e+00
3.473612189313298515e+00
3.756897935553479506e+00
-1.019565532032473243e+00
9.035275851633530753e-01
8.661070249075669691e-01
2.377652925619399671e+00
-2.623965474138498344e+00
-3.930737753450612715e-01
-1.992421152353258451e+00
2.110209076196365885e+00
4.960461046565177057e+00
2.129840396836883532e+00
-2.975487164642570459e+00
-1.545519137906080198e+00
-1.535611373534558677e+00
-2.120393152721674834e+00
-2.260654465072827968e+00
-1.914409020933935057e+00
8.250680912093262265e-01
-1.241246825699661827e+00
-2.473520085262035817e+00
-5.872106945961236946e+00
-1.555834791647478399e+00
-9.664478098972382192e-01
-2.736806094656649320e-03
-2.712727464112314468e+00
1.768634623228641622e+00
1.441652083525216677e+00
-1.940145524400994637e+00
1.553282193655346699e+00
-3.496335574531914236e+00
1.936935040328416680e+00
3.514045867817528812e+00
-9.341192879041064767e-01
-7.538256075577953297e+00
-9.996052683517322457e-01
6.133998236865304543e-01
-9.458941329719346314e+00
3.443467849107248568e+00
-8.588308048578308096e-01
6.004263101801292635e-01
4.629768029368034554e+00
3.339785002828909999e+00
-2.504309153826923540e-01
2.821752345363876646e+00
-4.789265930711438024e+00
1.707688056736095472e+00
-5.804660464993881552e-01
0.000000000000000000e+00
4.316272154313758769e+00
4.963526795700056837e+00
5.044104682833120634e+00
-1.002474967434639019e+01
-6.074525335192958453e-01
-2.300890777752924166e-01
7.539769213562979022e-01
-1.902277601610505187e+00
-1.890698806594650172e+00
-5.873133248246733551e+00
-1.109380139735003379e+00
7.845817818186603176e+00
1.585558084762042519e+00
1.971605636767937320e+00
3.351416428731200714e+00
-1.894711911685372646e-02
2.639991579058170501e+00
-3.676727937790292167e+00
2.819449744082314524e+00
3.276246365179405373e+00
-2.101630241707345803e+00
-6.088735674530598718e-01
-5.453086143603373959e-01
9.580400257891343863e-01
-2.823068117524769605e+00
-4.281851554584807928e+00
-2.415968210944592798e+00
-1.494072446415178668e+00
2.367718845804660521e+00
-1.510111709056459750e+00
3.410599860528150895e+00
-3.587321219457638710e-01
1.883304167050433575e+00
1.175326640438941528e+00
-7.139379745003354705e-01
-4.171392481677872466e-01
1.641550769068827975e+01
-1.322614176129261354e+00
2.549742766542545613e+00
-1.920106314390600255e-01
-5.286627807528848422e+00
6.158787384376521068e+00
2.277470033289035745e-01
-1.818778700280259564e+00
-2.334535071906948644e+00
4.331521953658504231e-01
7.659043959947894997e+00
8.107419639215272866e+00
-2.444178366074130637e-01
3.628675938474493545e+00
-1.141825765450454533e+01
5.685556768989881604e+00
-4.637781081827871077e+00
4.564650465125458467e+00
-2.769963553111143284e-01
-3.904553887448849459e-01
-8.922251023012854609e-02
-3.712582729174616070e-01
2.596597413191931825e+00
-3.446652017736608897e+00
7.201444717832660380e+00
-6.254786121235247354e-01
9.557111090643544138e-01
4.316390573808239317e+00
1.051301956553203285e-02
-4.756332153524295947e+00
-8.625281246299391080e-01
4.428244365205721067e+00
-1.425507559111064415e+00
-9.591979052907198877e+00
1.248667780687096225e-02
7.613847186221234242e-01
4.188365942553387566e-01
-3.373245088880409526e+00
1.424270733279825230e+00
-1.094722437862659659e+00
-9.391323798371074005e-01
-5.490177760818936825e+00
-1.023960211049854685e+00
6.161116301101301040e+00
1.458296601360508316e+00
3.856133471928001044e-01
-1.095156642675754188e+00
-5.849133564032051869e-01
-1.887672530624596945e+00
-5.905843344166523678e-01
-1.515203747319114225e+00
3.006631491690898716e+00
5.833475875317429837e-01
-1.605307824897040936e+00
-4.328232523256272835e+00
8.395942158655807230e-02
-4.494651386165971374e+00
-4.579097643452059607e+00
1.407152537466612285e+00
-6.753990079077906827e+00
-6.248470414862962174e-01
-1.648820410257759717e+00
-4.610163024170734758e+00
-3.852330890383021345e+00
3.975566110972224010e+00
5.898040815252430846e+00
-9.638162655754529684e-01
-1.867264904409152493e+00
-9.699977631873265338e+00
3.803278904224944412e+00
-4.127379902896014308e+00
7.607399902632859812e-01
1.055288746200707894e+00
-7.659109748555940067e-01
-2.502598650017762855e-02
1.922685227825949639e+00
-1.806160445257299241e+00
2.092077735819265673e-03
5.129169353034828127e+00
-6.026236496888198735e-02
-3.055551900632886397e+00
-5.125682556808462742e+00
-3.897080301574979089e+00
-2.954869014881383205e+00
-2.588926461493927800e+00
-1.575018749753292813e+00
-9.639083696267154444e-01
-4.895185589663293868e+00
9.858159761055775849e-01
-1.251351955895317225e+00
-2.358179497638189126e+00
5.346942803384165721e+00
3.037973184563361073e+00
-3.082354179550268913e+00
-2.334311390639596806e-01
5.286812015631372930e+00
9.749608557782134532e-01
6.760042631018012838e-01
-1.375797686872541226e+00
6.905172300364469107e-02
2.917080038420547083e+00
-1.311232746937540306e+01
7.160747884896251136e+00
-3.989355403218378893e+00
3.307206484125208679e+00
2.673385876501624958e-01
7.142024447046749103e+00
-7.038196865830713023e+00
-4.297509243299430182e+00
-1.315732687727793060e+00
3.843581005513085458e+00
-2.883659425533874554e+00
2.764358363705740729e+00
-8.732700885514663725e+00
3.285483085748872045e-02
-5.145813870870120432e+00
2.288680412099840744e+00
2.035236378468704421e-01
2.308416994513230236e+00
2.992500098682912224e+00
-6.783647583584426322e+00
1.243470480651570398e+00
-4.268956987408060400e+00
-7.420389205405191646e+00
-9.647241483664689143e-01
-6.522414178760805870e-01
-7.643452059841318036e-01
1.738700806568334700e+00
2.671978000289469968e+00
3.618820804989407947e+00
4.899277641083669699e-01
5.660899198694753665e+00
-1.636715306377547696e+00
-1.214576123998368340e+00
-3.592584308101208990e+00
-6.197023723372060422e-01
4.933277193721135490e+00
2.979395007960421449e+00
-2.555729529874606776e+00
-8.694490861962342887e-01
1.474730595650057152e+00
-3.731345640188945101e+00
-2.963355745319140588e+00
-1.924474677964763680e+00
-1.247220431310114286e+00
4.372810884067314774e+00
-1.768108314364284617e+00
2.564663622847067614e+00
1.967462270233286503e+01
-6.651478270022763262e+00
-9.664478098972382192e-01
2.402468388573834601e-01
-4.194155340061315185e-01
-2.892356679517374740e+00
-3.428007526216760414e+00
7.909014355074275748e+00
3.587979105538085189e+00
-7.990513282719963861e+00
6.641754713753766026e+00
5.644925724661518096e-01
8.396915830054867413e+00
-3.144787568584623827e+00
3.692306680175260869e+00
-6.134261391297483046e-01
-2.071275377955553054e+00
8.656057157142669212e+00
-7.973710872225365787e-01
5.159011065643872573e-01
3.860870251707214651e-01
-5.279667372797726133e-01
2.336850830910119470e+00
-1.922106288075156932e+00
1.781502874962171523e+00
-9.986579123958895243e-01
1.909830133814028663e+00
-4.974802963118906129e-01
3.581360771568795176e+00
-9.670925382560755998e-03
-1.161958395284272555e-01
3.765950448020420893e+00
-1.322877330561440079e+00
2.204049946711227614e-01
2.263851791423797000e+00
-4.401928921987869003e+00
-9.664478098972382192e-01
1.327258851857212374e+00
-2.420362889961974240e+00
3.497835554795331703e+00
-1.036196892146155957e+00
-2.547005960447888739e+00
2.569531979842370362e+00
4.207418323443112840e+00
-1.884146261233404784e+00
2.347021749713819716e+00
-4.519361587347535014e+00
-6.901409191984315683e+00
-2.493348771726688007e+00
-2.873646399389481743e-02
3.983500217102406427e-01
-2.374731911422218289e+00
3.121129985131774642e+00
-7.398455283483111877e-01
-3.206431494322443232e+00
-3.416626097025039055e+00
-1.654570334600860448e+00
-2.253246667807002446e+00
1.961895238220549675e+00
2.669820133945605800e+00
-6.753726924645728769e-01
-1.004610465651767726e+01
9.088038315285325019e-01
-9.689477770029342185e-01
-3.422718122129972063e+00
1.117616873462191351e-01
0.000000000000000000e+00
-4.242444178366073793e+00
3.286140971829318302e-01
-1.029223299693425187e+00
-1.003263114959013658e+00
-3.493822449704609312e+00
-1.057630820647096792e+00
1.918803699951316499e+00
-2.325469401718398554e+00
-5.811647215168221692e+00
-1.448230944329679915e+00
-6.305377560821567862e+00
4.305206510440652279e-01
-1.866133340350784930e+00
-1.373600347363850505e+00
-3.258483441007355097e+00
-3.006539387639636449e-02
6.134971908264365226e+00
4.543440217891870248e+00
-2.546124393100090977e+00
-2.518914224812831559e-01
-3.243602057867659649e+00
2.575229273299035615e+00
1.987026486493598698e+00
-8.565505717030038824e+00
-3.571268799094748925e+00
-2.565545190194865821e+00
3.334877172668780698e+00
1.975013486664649154e+00
-1.622583913369560982e+00
8.842646807278851107e-01
1.208141998131603501e+00
2.819410270917487971e+00
-1.033736398205286733e+00
9.299746055972947234e-01
-9.963289956711095519e-01
-1.122468125419402440e+01
-1.071512216944513929e+00
-6.178247654636122910e+00
-2.360442625754924251e+00
-6.566624123366797683e+00
2.313785344929672139e+00
-9.847896738200813127e-01
-2.955855844002052812e+00
4.397389508032788719e+00
5.528479888422520583e-01
-3.515966895172431883e+00
1.438796857936079698e+00
1.449941448138840183e+00
-4.055170326706227790e+00
-1.169945132300890700e+00
-1.063880738411336679e+00
-3.075367429375929440e+00
-5.447165168879356534e-01
8.597650030920646058e-01
-7.762661017618188719e-01
-1.972500361837344229e+00
-3.162471546427020552e+00
1.350903277588452744e-01
-1.664057051880896365e+00
-1.358811068275417533e+00
-5.653872975355587333e-02
1.962158392652728178e+00
-5.894396126366758804e-01
2.779871317482664583e+00
7.622044446783594829e+00
-1.845765187300167032e+00
-4.148616465572821710e+00
-5.950184865988605853e-01
2.257115037960026882e+00
4.045473085880448849e+00
-2.313456401889448788e+00
-2.536808726200971087e+00
-1.614189286983065963e-01
-6.421626031236431498e-01
6.354390073814818463e-01
-3.335811370903014605e+00
1.746345442823120653e+00
-3.724253628241733782e+00
-4.824331258799226418e+00
-3.827462796542150603e+00
3.561137353455875676e+00
2.876277943711267118e-02
3.323377323982579234e+00
-5.860146577018723768e+00
-6.546874383231799932e+00
4.055209799871054011e-02
-4.544716516887935320e+00
1.753976921356297902e+00
2.389955395323745790e+00
-1.871593794818489309e+00
-2.987473849028302375e+00
-2.857857133458770182e-02
-1.963171537216615636e+00
-5.317377402928908481e+00
1.532032473256930816e+00
-9.347245430981171443e-02
-4.210865646504651227e-01
2.585137037670556914e+00
6.592018526072025188e-03
-4.711056433467980753e+00
-7.136827147011223893e+00
-6.778871330640386716e+00
9.927500953934816907e-01
6.274285864659675305e+00
-1.636596886883067370e+00
2.133353508506467211e+00
3.143103380218681409e+00
-9.664478098972382192e-01
-1.503440744200734258e+00
-1.498940803410481415e+00
-7.284088367258325647e+00
-4.049012512993249935e+00
2.285890975118748392e-01
4.022407599900001074e+00
-9.493401402613123707e+00
8.763568900409205442e-01
-1.982842331021960280e+00
2.709661714977434688e+00
-1.536492940882356883e+00
1.955658478177918713e+00
-2.991197484243628413e+00
-2.092972460888672614e+00
-9.883291009328825094e-01
-8.176234523229958029e+00
-3.912014315601110681e+00
3.636346890172497570e+00
8.873027986473863038e+00
-1.170155655846633502e+00
1.898777647662530654e+00
-3.984487046223076145e+00
-8.436849515137959443e+00
-4.166813594557966738e+00
4.341258667649109948e-01
-3.853317719503690952e+00
1.264233365350455829e+00
6.007105169668820466e+00
9.665004407836739198e-01
-3.177879238431073450e+00
6.622031289061985682e+00
1.169820133945606067e+01
3.118208970934592816e+00
-3.258351863791265846e+00
5.442823120748411236e-01
2.373113511664320274e+00
8.622254970329337742e-02
1.582623912843251990e+00
-5.948605939395534392e+00
-8.789752766410968698e-01
2.677596347416481490e-02
2.149695398744753572e+00
-1.844488888304101293e+00
-3.842054709806449857e-03
2.481848923040486099e+00
-8.127958842646807014e+00
4.732292996144787267e+00
-1.460888672517466791e+00
4.157050565124142949e-01
-6.249233562716280055e+00
5.042038920540518887e-02
3.250654596650043970e+00
-4.183076538466599104e+00
-4.226391758003184007e-01
3.949553295351376780e-01
-3.381073933237720652e+00
-7.655557163721530278e-01
-1.328929882501546089e-01
-1.952395363218905056e+00
-1.546177023986526455e+00
5.234589018565545260e+00
-5.544479677898975112e+00
-2.482441020512887953e+00
-5.313877448980934837e-01
2.404520993144827035e+00
-5.455007170958277030e+00
-4.561097880291049123e+00
6.330048288838304726e-01
-7.859225536506098564e+00
-1.360626833857449203e+00
-2.197642136287680348e+00
6.627110169603031231e+00
-9.088433046933592774e-01
3.737003460480783357e+00
-5.962539966579386785e+00
-4.344469151721687794e+00
-1.330732490361968834e+00
1.990789594873751733e+00
3.369705661767608440e+00
5.850094077709504070e+00
-3.119301061828133825e+00
1.712609044617833920e+00
2.949895396113209056e+00
9.751371692477730946e+00
6.889211984052841409e+00
-6.801884185734398125e-01
-1.701306561755766333e+00
-2.847791476427941948e+00
1.167313587979105449e+00
-7.858975539795528542e-01
3.231746950698016985e+00
1.907080169997763253e-01
-2.778358179497637970e+00
5.189800134208760740e-01
-8.782910751174326514e-01
-2.752450625649662364e+00
3.751134853488770071e-01
-1.334416652412468318e+00
9.187510690648806877e-01
-2.072222733911396109e+00
2.711372218786594956e+00
5.499151326956224217e+00
-2.173774029289088361e+00
-4.617702398652649420e-01
-3.665859659741319110e+00
-1.003144695464533331e+00
-6.078012131419323616e+00
-7.115827423323377587e-01
1.264785989658030907e+00
-2.514506388073840970e+00
-3.829620662886014770e+00
-1.008039367903053929e+00
5.967303061801818131e+00
1.139313956395310523e+00
6.740674464809673694e+00
-1.678833173247720412e+00
4.596110577492401816e+00
6.839699477638451874e+00
-2.838067920158945157e+00
5.055459796581623921e-01
2.397771081959447770e+00
-1.994842173129300900e+00
-1.655188747516480152e+00
-3.554374284548887708e+00
2.730977223983894753e+00
4.510730121972079121e-01
1.045275720056314972e+00
-7.552532203523637869e-03
3.416533992973776468e-01
-5.740174471388534094e+00
-2.021868133314035365e+00
2.451151958526861296e+00
-5.804660464993881552e-01
2.301759187379113225e+00
-4.741569189879080604e+00
-4.425954921645767648e+00
9.562900488151471201e-01
2.962118919487901625e+00
8.571334587702793550e-01
-4.239786318601071358e+00
-1.125512822199707941e+01
1.998328969355666285e+00
4.453533506138077414e+00
-1.030971960895251449e+01
-5.122327337798187052e+00
1.862238654754542644e+00
-9.626978592386942202e-01
-1.001881554190076518e+00
3.653478243707319439e+00
-1.143248115156379585e+00
-8.867896475046380900e+00
-1.222904961776818622e+00
-3.027736477151616423e+00
5.615505059143958810e+00
-2.239325798344758756e+00
9.488296206628860086e-01
2.573097722398389298e+00
-9.241062617597136652e-01
3.752240102103919561e+00
7.922132603518374783e-01
5.589715924790462864e+00
9.309745924395731453e-01
-3.411797213194563139e-02
2.808528835146905767e+00
-1.939316587939632353e+00
5.940316574781910886e-01
1.804581518664228057e-01
-1.466520177366087196e+00
-5.080643675741108645e+00
0.000000000000000000e+00
-5.037433717977395364e-01
-2.961724187839633871e+00
1.950684859409744565e+00
2.653372981934448038e+00
1.964066262286022546e+00
-5.855344008631464980e+00
-6.419126064130734610e-01
-1.978855541374455518e+00
-3.129419349745397927e+00
-2.953158511072222936e+00
-3.960329469349087361e+00
0.000000000000000000e+00
0.000000000000000000e+00
-3.946421757608452374e+00
-2.477638452125630053e+00
9.969737240299469949e-01
-3.835739003434165406e-01
6.225510190655386467e+00
3.340482362074183031e-01
-5.567545163879422887e+00
1.055775581900238125e+00
-1.921501032881146376e+00
-5.039670530650912639e-01
2.500506572281943729e+00
-2.570321443138905870e+00
-7.090235654794016185e+00
-2.661307088064630566e+00
1.425152300627623214e+00
5.472770095130327306e+00
-1.390323811528795694e+00
3.988408047262535838e+00
3.285114669543821808e+00
-4.337206089393560227e+00
-2.790752753253246746e-02
-1.050683543637583650e+00
0.000000000000000000e+00
-1.230786437020565449e+00
-1.960737358718964263e+00
-1.882527861475506992e+00
-4.730766700438151950e+00
1.464507045959921649e+00
-1.908027525953605918e+00
8.341969184615992461e+00
5.231378534492967525e-01
9.653162458388705458e-01
2.907014381389718682e+00
8.431415376113472249e+00
-5.077380560782095209e+00
-3.918369495138221748e+00
1.432099577637136356e+00
-7.262404442046815234e+00
1.732135103485480387e+00
5.905527558847909475e+00
-2.940290259338692813e+00
5.942540229733819679e+00
1.073920079998947452e+00
1.433020618149761116e+00
-7.515348482256812623e+00
1.479020012894567193e+00
9.377508190681702049e-02
-3.350929593031670706e+00
-1.605557821607610514e+00
-4.678227918053710077e+00
-4.730700911830107103e+00
-1.249812502467072761e+00
-6.593939553426928946e+00
2.341561295246115115e+00
-3.743411270904330124e+00
-2.190760647886211970e-02
6.445573084564676369e-01
6.340627097011881652e+00
1.510506440704727504e-01
-2.924750990118551108e+00
2.740911303798634346e+00
3.432178523966789907e+00
-2.424954934803489337e+00
2.382231812739306065e+00
7.069775397692135144e-01
8.874975329271983071e+00
-6.737661346561229614e+00
7.103985473875343848e-01
3.447730950908540759e+00
-3.150116445836239176e+00
-4.066393863238641493e-01
-2.837028460151840292e+00
2.419257641346824528e+00
3.956711095906632725e+00
6.349429612768252795e+00
1.099985526506230132e-01
-4.213497190826436700e+00
2.265193879027907364e+00
-3.532782463388639549e+00
7.828844357311088437e-03
-4.385258088709359292e+00
4.632189050144076781e+00
-1.628149629610136762e+00
6.885540979723950628e+00
5.043933632452204385e+00
9.157116353732187575e-01
-3.375731898264496600e+00
1.088775147695425050e+00
-4.992157997921079726e+00
-4.958316337942921592e+00
6.817410297232930905e-01
9.914869541190247659e-01
-7.346127024644412806e+00
-6.347284904145998607e-02
-4.191523795739529490e+00
5.802699964474151706e+00
-1.608445941500769649e+01
4.446204655201904998e+00
-5.145195457954500284e+00
-1.576084525203615749e+00
-2.621136563992579216e+00
-2.008736727148327184e+00
4.995447428323311456e+00
-9.221970763542584493e+00
3.745134932435099540e+00
6.013078775279272897e-03
-2.380258154497967293e+00
-6.248470414862962174e-01
-1.314430073288509471e+00
-6.373876659517637933e+00
3.933974552966408300e+00
2.395034275864791340e+00
1.041332350890119862e+01
1.555200589465928118e+01
2.404599939474480585e+00
-5.383889685662031077e+00
-3.563729424612834151e+00
2.792555361113669754e+00
